3000 5996
1 2 1
1 3 1
1 4 1
1 6 1
1 8 1
1 10 1
1 11 1
1 12 1
1 14 1
1 15 1
1 18 1
1 19 1
1 20 1
1 21 1
1 23 1
1 24 1
1 26 1
1 29 1
1 33 1
1 37 1
1 39 1
1 45 1
1 46 1
1 48 1
1 51 1
1 58 1
1 61 1
1 62 1
1 69 1
1 72 1
1 78 1
1 79 1
1 87 1
1 89 1
1 92 1
1 99 1
1 104 1
1 108 1
1 111 1
1 117 1
1 119 1
1 123 1
1 131 1
1 140 1
1 141 1
1 202 1
1 235 1
1 241 1
1 242 1
1 256 1
1 268 1
1 269 1
1 272 1
1 285 1
1 290 1
1 305 1
1 319 1
1 326 1
1 353 1
1 368 1
1 383 1
1 385 1
1 392 1
1 399 1
1 435 1
1 471 1
1 511 1
1 515 1
1 531 1
1 542 1
1 562 1
1 619 1
1 622 1
1 629 1
1 683 1
1 685 1
1 792 1
1 855 1
1 898 1
1 913 1
1 943 1
1 947 1
1 948 1
1 991 1
1 1013 1
1 1017 1
1 1024 1
1 1064 1
1 1102 1
1 1114 1
1 1150 1
1 1170 1
1 1180 1
1 1185 1
1 1217 1
1 1232 1
1 1264 1
1 1291 1
1 1294 1
1 1322 1
1 1353 1
1 1425 1
1 1441 1
1 1477 1
1 1552 1
1 1623 1
1 1627 1
1 1651 1
1 1737 1
1 1812 1
1 1815 1
1 1843 1
1 1878 1
1 2040 1
1 2065 1
1 2113 1
1 2157 1
1 2158 1
1 2164 1
1 2171 1
1 2241 1
1 2252 1
1 2299 1
1 2317 1
1 2340 1
1 2397 1
1 2401 1
1 2487 1
1 2506 1
1 2513 1
1 2517 1
1 2522 1
1 2537 1
1 2681 1
1 2758 1
1 2800 1
1 2812 1
1 2871 1
1 2894 1
1 2899 1
1 2930 1
1 2933 1
1 2936 1
1 2937 1
1 2940 1
1 2948 1
1 2973 1
1 2992 1
2 4 1
2 5 1
2 7 1
2 8 1
2 9 1
2 16 1
2 18 1
2 22 1
2 28 1
2 29 1
2 44 1
2 46 1
2 50 1
2 66 1
2 68 1
2 76 1
2 79 1
2 98 1
2 100 1
2 107 1
2 113 1
2 126 1
2 134 1
2 138 1
2 141 1
2 142 1
2 144 1
2 157 1
2 176 1
2 178 1
2 190 1
2 196 1
2 197 1
2 200 1
2 205 1
2 211 1
2 213 1
2 233 1
2 252 1
2 254 1
2 266 1
2 268 1
2 276 1
2 299 1
2 305 1
2 307 1
2 354 1
2 359 1
2 381 1
2 402 1
2 426 1
2 446 1
2 454 1
2 476 1
2 478 1
2 485 1
2 492 1
2 511 1
2 531 1
2 561 1
2 610 1
2 665 1
2 682 1
2 689 1
2 731 1
2 797 1
2 810 1
2 826 1
2 832 1
2 896 1
2 909 1
2 937 1
2 949 1
2 978 1
2 979 1
2 1077 1
2 1137 1
2 1143 1
2 1239 1
2 1246 1
2 1305 1
2 1309 1
2 1349 1
2 1355 1
2 1416 1
2 1418 1
2 1423 1
2 1451 1
2 1472 1
2 1510 1
2 1572 1
2 1601 1
2 1618 1
2 1647 1
2 1654 1
2 1671 1
2 1760 1
2 1776 1
2 1805 1
2 1844 1
2 1890 1
2 1906 1
2 1918 1
2 1929 1
2 1947 1
2 1951 1
2 1953 1
2 1955 1
2 2007 1
2 2012 1
2 2064 1
2 2113 1
2 2146 1
2 2158 1
2 2182 1
2 2246 1
2 2284 1
2 2290 1
2 2329 1
2 2355 1
2 2401 1
2 2410 1
2 2464 1
2 2492 1
2 2501 1
2 2600 1
2 2614 1
2 2616 1
2 2636 1
2 2668 1
2 2669 1
2 2674 1
2 2784 1
2 2799 1
2 2813 1
3 5 1
3 17 1
3 42 1
3 58 1
3 80 1
3 103 1
3 167 1
3 176 1
3 193 1
3 199 1
3 239 1
3 358 1
3 541 1
3 952 1
3 971 1
3 1512 1
3 1693 1
3 1904 1
3 2212 1
3 2317 1
3 2376 1
3 2562 1
3 2623 1
3 2629 1
4 9 1
4 218 1
4 315 1
4 373 1
4 374 1
4 442 1
4 468 1
4 493 1
4 533 1
4 699 1
4 754 1
4 999 1
4 1400 1
4 2783 1
5 6 1
5 7 1
5 13 1
5 14 1
5 16 1
5 17 1
5 19 1
5 20 1
5 24 1
5 31 1
5 37 1
5 41 1
5 54 1
5 63 1
5 65 1
5 70 1
5 75 1
5 81 1
5 84 1
5 87 1
5 88 1
5 94 1
5 100 1
5 103 1
5 115 1
5 118 1
5 155 1
5 158 1
5 175 1
5 181 1
5 193 1
5 195 1
5 201 1
5 208 1
5 219 1
5 228 1
5 250 1
5 254 1
5 287 1
5 289 1
5 298 1
5 317 1
5 327 1
5 378 1
5 391 1
5 406 1
5 441 1
5 450 1
5 464 1
5 525 1
5 554 1
5 556 1
5 578 1
5 635 1
5 648 1
5 653 1
5 658 1
5 677 1
5 679 1
5 686 1
5 698 1
5 719 1
5 730 1
5 805 1
5 809 1
5 817 1
5 986 1
5 1114 1
5 1135 1
5 1173 1
5 1220 1
5 1228 1
5 1229 1
5 1368 1
5 1414 1
5 1429 1
5 1536 1
5 1685 1
5 1699 1
5 1798 1
5 1813 1
5 1826 1
5 1844 1
5 1889 1
5 1901 1
5 1914 1
5 1935 1
5 1954 1
5 1992 1
5 2009 1
5 2019 1
5 2028 1
5 2067 1
5 2083 1
5 2221 1
5 2245 1
5 2310 1
5 2324 1
5 2348 1
5 2418 1
5 2419 1
5 2424 1
5 2427 1
5 2469 1
5 2527 1
5 2529 1
5 2785 1
5 2830 1
5 2953 1
6 12 1
6 13 1
6 23 1
6 25 1
6 31 1
6 34 1
6 35 1
6 40 1
6 43 1
6 63 1
6 68 1
6 136 1
6 328 1
6 348 1
6 508 1
6 610 1
6 758 1
6 779 1
6 866 1
6 1112 1
6 1331 1
6 1379 1
6 1426 1
6 1465 1
6 1525 1
6 2045 1
6 2523 1
6 2707 1
6 2824 1
6 2910 1
6 2976 1
7 10 1
7 30 1
7 32 1
7 38 1
7 51 1
7 56 1
7 61 1
7 83 1
7 102 1
7 106 1
7 111 1
7 116 1
7 134 1
7 144 1
7 149 1
7 155 1
7 162 1
7 183 1
7 192 1
7 204 1
7 232 1
7 249 1
7 304 1
7 319 1
7 337 1
7 357 1
7 371 1
7 398 1
7 407 1
7 409 1
7 417 1
7 432 1
7 448 1
7 453 1
7 465 1
7 473 1
7 617 1
7 618 1
7 716 1
7 752 1
7 767 1
7 810 1
7 848 1
7 903 1
7 960 1
7 1016 1
7 1071 1
7 1083 1
7 1101 1
7 1123 1
7 1154 1
7 1164 1
7 1310 1
7 1326 1
7 1348 1
7 1370 1
7 1415 1
7 1421 1
7 1444 1
7 1460 1
7 1537 1
7 1554 1
7 1597 1
7 1600 1
7 1626 1
7 1746 1
7 1761 1
7 1827 1
7 1962 1
7 1987 1
7 2100 1
7 2204 1
7 2285 1
7 2472 1
7 2545 1
7 2648 1
7 2693 1
7 2710 1
7 2815 1
7 2830 1
7 2997 1
8 60 1
8 130 1
8 587 1
8 1001 1
8 1005 1
8 1632 1
8 1725 1
8 2267 1
8 2658 1
9 11 1
9 15 1
9 21 1
9 27 1
9 118 1
9 122 1
9 279 1
9 491 1
9 505 1
9 612 1
9 701 1
9 1121 1
9 1641 1
9 1946 1
9 2323 1
9 2539 1
10 105 1
10 125 1
10 150 1
10 235 1
10 348 1
10 350 1
10 418 1
10 483 1
10 513 1
10 570 1
10 717 1
10 784 1
10 789 1
10 840 1
10 998 1
10 1070 1
10 1211 1
10 1473 1
10 1515 1
10 1517 1
10 1599 1
10 1814 1
10 1986 1
10 2007 1
10 2552 1
10 2951 1
11 33 1
11 52 1
11 59 1
11 86 1
11 96 1
11 106 1
11 109 1
11 122 1
11 207 1
11 234 1
11 407 1
11 520 1
11 634 1
11 646 1
11 725 1
11 736 1
11 783 1
11 831 1
11 885 1
11 932 1
11 1020 1
11 1054 1
11 1303 1
11 1560 1
11 1621 1
11 1740 1
11 1769 1
11 1991 1
11 2013 1
11 2112 1
11 2411 1
12 62 1
12 226 1
12 232 1
12 246 1
12 299 1
12 325 1
12 342 1
12 358 1
12 383 1
12 423 1
12 452 1
12 598 1
12 639 1
12 787 1
12 804 1
12 926 1
12 1063 1
12 1486 1
12 1588 1
12 1652 1
12 1932 1
12 1958 1
12 1988 1
12 2060 1
12 2071 1
12 2457 1
12 2664 1
12 2738 1
12 2776 1
13 38 1
13 85 1
13 206 1
13 345 1
13 390 1
13 1168 1
13 1231 1
13 1431 1
13 1498 1
13 1810 1
13 2137 1
13 2226 1
13 2236 1
13 2746 1
13 2766 1
13 2969 1
14 27 1
14 41 1
14 117 1
14 129 1
14 475 1
14 1289 1
14 1428 1
14 1802 1
14 2020 1
14 2021 1
15 124 1
15 135 1
15 150 1
15 281 1
15 395 1
15 562 1
15 791 1
15 1717 1
15 2254 1
15 2463 1
15 2570 1
16 47 1
16 48 1
16 74 1
16 119 1
16 128 1
16 132 1
16 143 1
16 189 1
16 217 1
16 236 1
16 238 1
16 259 1
16 282 1
16 330 1
16 332 1
16 377 1
16 384 1
16 386 1
16 433 1
16 437 1
16 447 1
16 551 1
16 567 1
16 582 1
16 603 1
16 674 1
16 689 1
16 695 1
16 757 1
16 953 1
16 1023 1
16 1060 1
16 1109 1
16 1140 1
16 1181 1
16 1254 1
16 1264 1
16 1377 1
16 1426 1
16 1531 1
16 1543 1
16 1631 1
16 1658 1
16 2005 1
16 2127 1
16 2250 1
16 2497 1
16 2541 1
16 2553 1
16 2610 1
16 2702 1
16 2747 1
16 2768 1
16 2883 1
17 22 1
17 34 1
17 44 1
17 50 1
17 69 1
17 97 1
17 114 1
17 147 1
17 149 1
17 152 1
17 168 1
17 203 1
17 220 1
17 247 1
17 318 1
17 326 1
17 385 1
17 392 1
17 429 1
17 479 1
17 507 1
17 510 1
17 516 1
17 566 1
17 577 1
17 586 1
17 589 1
17 631 1
17 667 1
17 746 1
17 798 1
17 988 1
17 1014 1
17 1108 1
17 1273 1
17 1366 1
17 1375 1
17 1380 1
17 1445 1
17 1461 1
17 1532 1
17 1546 1
17 1692 1
17 1755 1
17 1781 1
17 1909 1
17 1928 1
17 2049 1
17 2291 1
17 2352 1
17 2659 1
17 2772 1
17 2775 1
17 2786 1
17 2958 1
18 39 1
18 47 1
18 53 1
18 148 1
18 347 1
18 483 1
18 571 1
18 613 1
18 933 1
18 976 1
18 1676 1
18 1783 1
18 1786 1
18 2140 1
18 2192 1
18 2231 1
18 2467 1
18 2932 1
18 2973 1
19 52 1
19 55 1
19 112 1
19 162 1
19 168 1
19 479 1
19 599 1
19 606 1
19 995 1
19 1015 1
19 1151 1
19 1781 1
19 2130 1
19 2196 1
19 2296 1
19 2454 1
20 25 1
20 154 1
20 173 1
20 237 1
20 265 1
20 584 1
20 765 1
20 1563 1
20 2428 1
20 2740 1
21 166 1
21 169 1
21 393 1
21 565 1
21 902 1
21 1109 1
21 1115 1
21 1214 1
21 1244 1
21 1419 1
21 1683 1
21 1695 1
21 2056 1
21 2195 1
21 2275 1
21 2482 1
21 2509 1
21 2629 1
21 2719 1
22 26 1
22 35 1
22 76 1
22 437 1
22 771 1
22 1269 1
22 1661 1
22 1952 1
22 2296 1
22 2419 1
22 2586 1
22 2687 1
23 43 1
23 77 1
23 152 1
23 153 1
23 158 1
23 159 1
23 175 1
23 346 1
23 618 1
23 1010 1
23 1122 1
23 1241 1
23 1410 1
23 1842 1
23 1944 1
23 2079 1
23 2168 1
23 2389 1
23 2548 1
23 2557 1
23 2889 1
24 669 1
24 1581 1
24 2737 1
25 28 1
25 36 1
25 73 1
25 135 1
25 580 1
25 890 1
25 1397 1
25 1908 1
25 2032 1
25 2042 1
25 2670 1
26 36 1
26 136 1
26 191 1
26 194 1
26 222 1
26 256 1
26 281 1
26 336 1
26 380 1
26 449 1
26 679 1
26 728 1
26 811 1
26 1434 1
26 1529 1
26 1744 1
26 1758 1
26 1765 1
26 2483 1
26 2501 1
26 2686 1
26 2924 1
27 30 1
27 65 1
27 66 1
27 85 1
27 92 1
27 110 1
27 129 1
27 172 1
27 261 1
27 292 1
27 296 1
27 523 1
27 528 1
27 576 1
27 614 1
27 664 1
27 861 1
27 994 1
27 1045 1
27 1117 1
27 1244 1
27 1323 1
27 1814 1
27 1834 1
27 1906 1
27 1962 1
27 2050 1
27 2122 1
27 2230 1
27 2251 1
27 2396 1
27 2548 1
27 2611 1
27 2643 1
27 2812 1
27 2821 1
27 2823 1
27 2893 1
28 45 1
28 57 1
28 91 1
28 93 1
28 107 1
28 120 1
28 165 1
28 169 1
28 289 1
28 291 1
28 295 1
28 335 1
28 375 1
28 379 1
28 455 1
28 512 1
28 527 1
28 540 1
28 641 1
28 713 1
28 742 1
28 789 1
28 809 1
28 919 1
28 1089 1
28 1631 1
28 1663 1
28 1698 1
28 1810 1
28 1876 1
28 1907 1
28 2147 1
28 2252 1
28 2262 1
28 2311 1
28 2605 1
28 2887 1
28 2917 1
28 2928 1
28 2963 1
29 181 1
29 343 1
29 559 1
29 748 1
29 1022 1
29 1694 1
29 1910 1
29 2960 1
30 32 1
30 225 1
30 246 1
30 282 1
30 438 1
30 627 1
30 870 1
30 986 1
30 1162 1
30 1751 1
30 1851 1
30 2033 1
30 2120 1
30 2514 1
30 2562 1
30 2708 1
31 99 1
31 200 1
31 966 1
31 1255 1
31 1434 1
32 40 1
32 56 1
32 57 1
32 182 1
32 243 1
32 251 1
32 283 1
32 444 1
32 516 1
32 539 1
32 580 1
32 585 1
32 593 1
32 650 1
32 750 1
32 833 1
32 860 1
32 862 1
32 863 1
32 945 1
32 968 1
32 1026 1
32 1258 1
32 1274 1
32 1275 1
32 1381 1
32 1557 1
32 1695 1
32 1954 1
32 2001 1
32 2423 1
32 2561 1
32 2943 1
32 2945 1
32 2961 1
33 82 1
33 83 1
33 156 1
33 467 1
33 475 1
33 495 1
33 596 1
33 908 1
33 946 1
33 981 1
33 1118 1
33 1324 1
33 1577 1
33 2315 1
33 2653 1
33 2744 1
34 49 1
34 60 1
34 98 1
34 128 1
34 189 1
34 233 1
34 314 1
34 542 1
34 666 1
34 698 1
34 726 1
34 731 1
34 874 1
34 948 1
34 1296 1
34 1460 1
34 1553 1
34 2080 1
34 2205 1
34 2218 1
34 2447 1
35 59 1
35 205 1
35 311 1
36 72 1
36 90 1
36 164 1
36 172 1
36 312 1
36 334 1
36 416 1
36 529 1
36 604 1
36 645 1
36 658 1
36 762 1
36 767 1
36 838 1
36 1006 1
36 1192 1
36 1414 1
36 1419 1
36 1440 1
36 1452 1
36 1456 1
36 1670 1
36 1920 1
36 1970 1
36 2152 1
36 2281 1
36 2380 1
36 2974 1
37 2233 1
38 42 1
38 54 1
38 82 1
38 109 1
38 131 1
38 260 1
38 431 1
38 470 1
38 514 1
38 1720 1
38 2968 1
39 495 1
39 513 1
39 534 1
39 544 1
39 579 1
39 1470 1
40 71 1
40 204 1
40 223 1
40 249 1
40 293 1
40 451 1
40 526 1
40 567 1
40 760 1
40 868 1
40 1001 1
40 2150 1
40 2209 1
40 2472 1
40 2906 1
41 362 1
41 397 1
41 847 1
41 914 1
41 1191 1
41 2686 1
41 2865 1
42 94 1
42 145 1
42 184 1
42 214 1
42 304 1
42 975 1
42 1790 1
42 2165 1
42 2353 1
42 2793 1
42 2853 1
43 224 1
43 509 1
43 675 1
43 739 1
43 883 1
43 2416 1
44 49 1
44 81 1
44 215 1
44 230 1
44 284 1
44 310 1
44 341 1
44 349 1
44 472 1
44 611 1
44 647 1
44 674 1
44 817 1
44 829 1
44 851 1
44 874 1
44 1223 1
44 1284 1
44 1607 1
44 1659 1
44 1770 1
44 1877 1
44 2127 1
44 2279 1
44 2567 1
44 2604 1
44 2765 1
45 137 1
45 332 1
45 333 1
45 536 1
45 858 1
45 917 1
46 64 1
46 70 1
46 400 1
46 456 1
46 704 1
46 729 1
46 878 1
46 1396 1
46 1463 1
46 2143 1
46 2161 1
46 2179 1
46 2709 1
46 2750 1
47 563 1
47 924 1
47 1012 1
47 1065 1
47 1197 1
47 1212 1
47 1295 1
47 1303 1
47 1584 1
47 2031 1
48 218 1
48 244 1
48 267 1
48 963 1
48 1100 1
48 1644 1
48 2554 1
49 132 1
49 341 1
49 472 1
49 512 1
49 697 1
49 705 1
49 781 1
49 833 1
49 1029 1
49 1322 1
49 1447 1
49 1493 1
49 1533 1
49 1850 1
49 1925 1
49 2090 1
49 2109 1
49 2133 1
49 2384 1
49 2756 1
50 53 1
50 55 1
50 77 1
50 96 1
50 116 1
50 126 1
50 139 1
50 154 1
50 187 1
50 197 1
50 267 1
50 278 1
50 335 1
50 336 1
50 339 1
50 365 1
50 377 1
50 391 1
50 393 1
50 403 1
50 404 1
50 408 1
50 424 1
50 586 1
50 611 1
50 639 1
50 676 1
50 708 1
50 732 1
50 756 1
50 764 1
50 813 1
50 823 1
50 1095 1
50 1115 1
50 1371 1
50 1462 1
50 1592 1
50 1619 1
50 1800 1
50 1849 1
50 1900 1
50 1942 1
50 1943 1
50 2340 1
50 2378 1
50 2383 1
50 2452 1
50 2496 1
50 2531 1
50 2563 1
50 2701 1
50 2861 1
50 2898 1
50 2910 1
51 67 1
51 73 1
51 89 1
51 146 1
51 253 1
51 396 1
51 402 1
51 590 1
51 647 1
51 673 1
51 713 1
51 749 1
51 864 1
51 988 1
51 1436 1
51 1464 1
51 1736 1
51 1812 1
51 1880 1
51 1933 1
51 1948 1
51 2202 1
51 2520 1
51 2822 1
53 64 1
53 163 1
53 422 1
53 469 1
53 560 1
53 768 1
53 1015 1
53 2179 1
53 2359 1
53 2374 1
53 2991 1
54 125 1
54 302 1
54 670 1
54 2988 1
55 120 1
55 167 1
55 442 1
55 535 1
55 734 1
55 744 1
55 864 1
55 1056 1
55 1075 1
55 1316 1
56 186 1
56 209 1
56 257 1
56 687 1
56 766 1
56 875 1
56 1003 1
56 1088 1
56 1102 1
56 1365 1
56 1506 1
56 1758 1
56 2149 1
56 2282 1
57 139 1
57 170 1
57 264 1
57 288 1
57 493 1
57 722 1
57 961 1
57 1183 1
57 1225 1
57 1384 1
57 1558 1
57 1703 1
57 1801 1
57 1820 1
57 1829 1
57 2078 1
57 2275 1
57 2749 1
58 71 1
58 86 1
58 95 1
58 147 1
58 532 1
59 228 1
59 303 1
59 1190 1
59 2530 1
60 97 1
60 446 1
60 844 1
60 2294 1
61 352 1
61 356 1
61 424 1
61 490 1
61 558 1
61 776 1
61 1222 1
61 1625 1
61 1639 1
62 67 1
62 121 1
62 133 1
62 190 1
62 239 1
62 309 1
62 334 1
62 602 1
62 707 1
62 991 1
62 1497 1
62 1619 1
62 1711 1
62 1847 1
62 2302 1
62 2506 1
62 2896 1
63 88 1
63 114 1
63 115 1
63 137 1
63 194 1
63 215 1
63 311 1
63 324 1
63 457 1
63 660 1
63 701 1
63 987 1
63 1111 1
63 1447 1
63 1481 1
63 1946 1
63 2225 1
63 2249 1
63 2354 1
63 2508 1
63 2810 1
63 2905 1
64 367 1
64 420 1
65 80 1
65 173 1
65 308 1
65 631 1
65 829 1
65 2334 1
65 2750 1
65 2764 1
65 2831 1
66 133 1
66 153 1
66 210 1
66 223 1
66 262 1
66 271 1
66 327 1
66 372 1
66 409 1
66 501 1
66 715 1
66 1059 1
66 1151 1
66 1318 1
66 1442 1
66 2012 1
66 2214 1
66 2522 1
66 2540 1
66 2604 1
66 2634 1
66 2787 1
66 2888 1
67 74 1
67 75 1
67 185 1
67 350 1
67 436 1
67 440 1
67 644 1
67 733 1
67 1189 1
67 1311 1
67 1399 1
67 1446 1
67 1515 1
67 2001 1
67 2962 1
68 108 1
68 220 1
68 824 1
68 1130 1
68 1330 1
68 1608 1
68 1756 1
68 1928 1
68 2143 1
68 2457 1
69 161 1
69 244 1
69 263 1
69 597 1
69 738 1
69 853 1
69 1073 1
69 1136 1
69 1158 1
69 1288 1
69 1398 1
69 1661 1
69 1673 1
69 1894 1
69 2717 1
70 78 1
70 90 1
70 101 1
70 102 1
70 143 1
70 163 1
70 171 1
70 182 1
70 188 1
70 245 1
70 280 1
70 344 1
70 522 1
70 617 1
70 627 1
70 702 1
70 725 1
70 884 1
70 919 1
70 976 1
70 1052 1
70 1272 1
70 1357 1
70 1437 1
70 1504 1
70 1568 1
70 1754 1
70 1797 1
70 1998 1
70 2039 1
70 2140 1
70 2248 1
70 2337 1
70 2582 1
70 2683 1
71 130 1
71 456 1
71 724 1
71 1271 1
71 1334 1
71 2930 1
71 2989 1
72 184 1
72 255 1
72 830 1
72 840 1
72 1312 1
72 2157 1
73 101 1
73 192 1
73 266 1
73 308 1
73 397 1
73 425 1
73 459 1
73 628 1
73 927 1
73 1172 1
73 1321 1
73 2479 1
75 84 1
75 174 1
75 221 1
75 494 1
75 979 1
75 1006 1
75 1178 1
75 1497 1
75 2398 1
75 2870 1
76 113 1
76 127 1
76 138 1
76 178 1
76 364 1
76 471 1
76 485 1
76 538 1
76 624 1
76 796 1
76 1266 1
76 1865 1
76 2147 1
76 2213 1
76 2270 1
76 2369 1
76 2554 1
76 2625 1
76 2740 1
77 1035 1
78 146 1
78 212 1
78 287 1
78 403 1
78 601 1
78 784 1
78 845 1
78 952 1
78 1030 1
78 1087 1
78 1428 1
78 1429 1
78 1500 1
78 1517 1
78 1528 1
78 1673 1
79 165 1
79 180 1
79 188 1
79 191 1
79 295 1
79 376 1
79 573 1
79 1028 1
79 1059 1
79 1243 1
79 1927 1
79 2035 1
79 2103 1
79 2149 1
79 2174 1
79 2372 1
79 2907 1
79 2985 1
80 91 1
80 93 1
80 248 1
80 453 1
80 839 1
80 942 1
80 958 1
80 972 1
80 1132 1
80 2912 1
81 206 1
81 361 1
81 849 1
81 887 1
82 799 1
82 1169 1
82 1623 1
82 2058 1
82 2090 1
82 2958 1
83 105 1
83 127 1
83 161 1
83 166 1
83 195 1
83 240 1
83 361 1
83 503 1
83 533 1
83 573 1
83 593 1
83 655 1
83 747 1
83 813 1
83 970 1
83 1057 1
83 1174 1
83 1374 1
83 1514 1
83 1531 1
83 1625 1
83 2029 1
83 2288 1
83 2293 1
83 2318 1
83 2529 1
83 2552 1
83 2752 1
84 1846 1
84 2082 1
85 124 1
85 702 1
85 1236 1
85 2003 1
85 2194 1
85 2325 1
85 2970 1
86 123 1
86 227 1
86 278 1
86 357 1
86 410 1
86 506 1
86 543 1
86 575 1
86 769 1
86 892 1
86 964 1
86 984 1
86 1413 1
86 1564 1
86 2298 1
86 2727 1
86 2899 1
87 242 1
87 328 1
87 376 1
87 496 1
87 640 1
87 925 1
87 1146 1
87 1160 1
87 2737 1
87 2827 1
88 95 1
88 110 1
88 159 1
88 355 1
88 466 1
88 621 1
88 634 1
88 723 1
88 850 1
88 951 1
88 1032 1
88 1111 1
88 1268 1
88 1309 1
88 1362 1
88 1422 1
88 1498 1
88 1511 1
88 1588 1
88 1596 1
88 1737 1
88 1996 1
88 2404 1
88 2473 1
88 2502 1
88 2843 1
89 275 1
89 766 1
89 891 1
89 1054 1
89 1299 1
89 1543 1
90 186 1
90 1004 1
90 1237 1
90 1296 1
90 2790 1
90 2857 1
91 474 1
91 807 1
91 1402 1
91 1724 1
91 2046 1
91 2428 1
91 2978 1
92 230 1
92 238 1
92 957 1
92 1031 1
92 1391 1
92 1924 1
92 1963 1
92 1991 1
92 2087 1
92 2312 1
93 104 1
93 164 1
93 211 1
93 489 1
93 535 1
93 656 1
93 967 1
93 1282 1
93 1337 1
93 1343 1
93 1576 1
93 1604 1
93 1627 1
93 2336 1
93 2491 1
93 2970 1
94 208 1
94 221 1
94 297 1
94 434 1
94 581 1
94 1605 1
94 2657 1
95 112 1
95 198 1
95 274 1
95 550 1
95 582 1
95 1155 1
95 1169 1
95 1307 1
95 1439 1
95 1715 1
95 2555 1
96 667 1
96 759 1
96 912 1
96 956 1
96 1395 1
96 1509 1
96 2068 1
96 2475 1
97 174 1
97 203 1
97 425 1
97 498 1
97 1131 1
97 1332 1
97 1476 1
97 1856 1
97 2188 1
97 2549 1
97 2556 1
97 2898 1
98 899 1
98 2081 1
99 879 1
99 1761 1
100 226 1
100 400 1
100 461 1
100 1037 1
100 2139 1
101 252 1
101 421 1
101 521 1
101 646 1
101 671 1
101 727 1
101 1019 1
101 1481 1
101 1540 1
101 2131 1
102 142 1
102 284 1
102 504 1
102 556 1
102 650 1
102 843 1
102 995 1
102 1147 1
102 1302 1
102 1336 1
102 1535 1
102 1662 1
102 1803 1
102 2603 1
102 2922 1
103 259 1
103 505 1
103 583 1
103 603 1
103 945 1
103 2645 1
104 280 1
104 362 1
104 662 1
104 712 1
104 753 1
104 920 1
104 1218 1
104 1257 1
104 1313 1
104 1530 1
104 1950 1
104 2055 1
104 2232 1
104 2376 1
104 2564 1
104 2954 1
105 140 1
105 569 1
105 583 1
105 2088 1
106 910 1
106 1135 1
106 1148 1
106 1226 1
106 2040 1
106 2456 1
107 1156 1
107 1576 1
108 217 1
108 315 1
108 390 1
108 862 1
108 1372 1
108 1593 1
109 2064 1
110 271 1
110 638 1
110 1228 1
110 1925 1
110 2906 1
111 394 1
111 458 1
111 508 1
111 660 1
111 668 1
111 1036 1
111 2904 1
112 310 1
112 367 1
112 406 1
112 486 1
112 1062 1
112 1476 1
112 1660 1
112 1881 1
112 1912 1
112 2034 1
112 2223 1
112 2263 1
112 2344 1
112 2534 1
112 2757 1
112 2886 1
113 121 1
113 420 1
113 426 1
113 494 1
113 532 1
113 640 1
113 700 1
113 740 1
113 1301 1
113 1362 1
113 1494 1
113 1499 1
113 1704 1
113 2369 1
113 2636 1
113 2727 1
113 2809 1
114 250 1
114 255 1
114 353 1
114 366 1
114 692 1
114 1809 1
114 1827 1
114 2107 1
114 2591 1
115 323 1
115 487 1
115 681 1
115 720 1
115 721 1
115 889 1
115 1100 1
115 1430 1
115 1700 1
115 1872 1
115 2002 1
115 2097 1
116 777 1
116 985 1
116 992 1
116 1298 1
116 1897 1
116 2707 1
117 344 1
117 816 1
117 1241 1
117 1450 1
118 461 1
118 1340 1
118 1665 1
118 2075 1
119 775 1
119 819 1
119 1562 1
119 1723 1
120 229 1
120 273 1
120 630 1
120 742 1
120 804 1
120 1836 1
121 480 1
121 529 1
121 649 1
121 876 1
121 1868 1
121 1949 1
121 2210 1
121 2964 1
122 484 1
122 520 1
122 1011 1
122 2690 1
124 1706 1
125 473 1
125 788 1
125 1122 1
125 1961 1
126 401 1
126 1422 1
126 1846 1
127 145 1
127 286 1
127 340 1
127 388 1
127 410 1
127 441 1
127 987 1
127 1349 1
127 1375 1
127 2519 1
128 386 1
128 498 1
128 722 1
128 2049 1
128 2854 1
129 300 1
129 347 1
129 636 1
129 2041 1
129 2089 1
129 2129 1
129 2377 1
130 292 1
130 950 1
130 1196 1
130 1975 1
130 2601 1
131 151 1
131 419 1
131 671 1
131 1393 1
131 1858 1
131 1982 1
132 171 1
132 687 1
132 795 1
132 1492 1
132 1520 1
132 1742 1
132 1836 1
132 1905 1
132 2301 1
132 2696 1
132 2981 1
133 251 1
133 302 1
133 316 1
133 895 1
133 1308 1
133 1892 1
133 2123 1
133 2569 1
133 2599 1
135 300 1
135 1082 1
135 2101 1
135 2442 1
135 2542 1
136 160 1
136 497 1
136 1067 1
136 1966 1
137 621 1
137 682 1
137 1091 1
137 1345 1
137 1579 1
137 1763 1
137 2038 1
137 2990 1
138 151 1
138 157 1
138 366 1
138 549 1
138 678 1
138 860 1
138 1044 1
138 1267 1
139 1023 1
139 2121 1
140 170 1
140 177 1
140 258 1
140 338 1
140 592 1
140 1061 1
140 1212 1
140 1333 1
140 1571 1
140 1604 1
140 2753 1
141 148 1
141 276 1
141 329 1
141 418 1
141 436 1
141 454 1
141 536 1
141 619 1
141 651 1
141 706 1
141 757 1
141 758 1
141 818 1
141 966 1
141 984 1
141 1068 1
141 1074 1
141 1140 1
141 1220 1
141 1539 1
141 1716 1
141 1833 1
141 1847 1
141 1880 1
141 1940 1
141 1944 1
141 1971 1
141 2118 1
141 2639 1
141 2711 1
141 2852 1
141 2955 1
142 202 1
142 316 1
142 324 1
142 364 1
142 551 1
142 1000 1
142 1103 1
142 1319 1
142 2306 1
142 2403 1
142 2880 1
143 303 1
143 587 1
143 786 1
143 907 1
143 936 1
143 971 1
143 1314 1
143 2565 1
144 179 1
144 183 1
144 301 1
144 427 1
144 944 1
144 998 1
144 1201 1
144 1465 1
144 1556 1
144 1915 1
144 2051 1
144 2680 1
145 387 1
145 388 1
145 760 1
146 199 1
146 309 1
146 507 1
146 649 1
146 1033 1
146 2314 1
146 2638 1
146 2917 1
147 160 1
147 430 1
147 481 1
147 489 1
147 886 1
147 2255 1
147 2397 1
148 156 1
148 443 1
148 482 1
148 776 1
148 1315 1
148 1973 1
148 2187 1
148 2778 1
149 270 1
149 380 1
149 595 1
149 637 1
149 642 1
149 706 1
149 723 1
149 755 1
149 2400 1
150 253 1
150 480 1
150 500 1
150 572 1
150 772 1
150 1366 1
150 2644 1
150 2756 1
150 2967 1
151 245 1
151 275 1
151 351 1
151 413 1
151 756 1
151 1317 1
151 1407 1
151 2182 1
151 2840 1
152 439 1
152 825 1
152 970 1
152 1230 1
152 1306 1
152 1802 1
152 2102 1
152 2563 1
153 408 1
153 486 1
153 955 1
153 1159 1
153 1491 1
153 2409 1
154 432 1
154 654 1
154 704 1
154 1078 1
154 1096 1
154 1202 1
154 2206 1
154 2779 1
154 2909 1
155 247 1
155 320 1
155 1985 1
156 262 1
156 884 1
156 1056 1
156 2031 1
156 2373 1
157 185 1
157 434 1
157 688 1
157 839 1
157 1356 1
157 1488 1
157 1729 1
157 2292 1
157 2743 1
158 270 1
158 455 1
158 502 1
158 566 1
158 601 1
158 1277 1
158 1478 1
158 1750 1
158 2207 1
158 2302 1
158 2341 1
158 2350 1
158 2983 1
159 177 1
159 396 1
159 411 1
159 419 1
159 445 1
159 718 1
159 827 1
159 888 1
159 1234 1
159 1367 1
160 544 1
160 918 1
160 1204 1
160 1468 1
160 1524 1
160 1895 1
161 213 1
161 231 1
161 279 1
161 343 1
161 672 1
161 907 1
161 1028 1
161 1048 1
161 1297 1
161 1860 1
161 2190 1
161 2856 1
161 2862 1
162 359 1
162 521 1
162 1287 1
162 1777 1
162 1922 1
162 2175 1
162 2689 1
162 2890 1
163 261 1
163 881 1
163 1474 1
163 2662 1
164 422 1
164 600 1
164 1046 1
164 1107 1
164 1218 1
164 1369 1
164 1440 1
164 1852 1
164 1857 1
164 1977 1
164 2240 1
164 2349 1
164 2786 1
164 2851 1
165 870 1
166 306 1
166 384 1
166 1049 1
166 1071 1
166 2489 1
167 272 1
167 523 1
167 550 1
168 941 1
168 2621 1
170 337 1
170 1285 1
170 1351 1
171 234 1
171 632 1
171 1329 1
171 1767 1
171 1853 1
172 180 1
172 922 1
173 179 1
173 210 1
173 414 1
173 699 1
173 1539 1
173 2260 1
174 277 1
174 306 1
174 331 1
174 363 1
174 423 1
174 844 1
174 1094 1
174 1152 1
174 1643 1
174 1980 1
174 2175 1
174 2366 1
174 2398 1
174 2429 1
174 2596 1
174 2660 1
174 2712 1
175 339 1
175 576 1
175 676 1
175 894 1
175 1815 1
175 2596 1
175 2999 1
176 240 1
176 1642 1
176 1969 1
176 2360 1
177 209 1
177 265 1
177 373 1
177 503 1
177 825 1
177 980 1
177 1167 1
177 1838 1
177 2171 1
177 2211 1
177 2224 1
177 2389 1
178 187 1
178 258 1
178 592 1
178 806 1
178 933 1
178 1144 1
178 1217 1
178 1489 1
178 1595 1
178 2189 1
178 2851 1
179 201 1
179 866 1
179 1091 1
179 1163 1
179 1869 1
179 1933 1
179 2655 1
179 2658 1
179 2704 1
179 2831 1
179 2861 1
180 369 1
180 826 1
180 1260 1
180 1807 1
180 2696 1
181 680 1
181 1501 1
181 2385 1
181 2934 1
182 225 1
182 623 1
182 659 1
182 791 1
182 1080 1
182 1110 1
182 1472 1
182 1559 1
182 1686 1
182 2185 1
182 2406 1
182 2517 1
182 2530 1
182 2592 1
182 2657 1
183 198 1
183 1261 1
183 1455 1
183 2860 1
183 2923 1
184 395 1
185 1788 1
185 2153 1
186 1506 1
187 433 1
187 751 1
187 903 1
187 1839 1
188 518 1
188 754 1
188 1684 1
189 248 1
189 444 1
189 447 1
189 539 1
189 589 1
189 1004 1
189 1074 1
189 1209 1
189 1774 1
189 2006 1
189 2098 1
189 2141 1
189 2329 1
189 2695 1
190 2353 1
190 2415 1
191 219 1
191 354 1
191 412 1
191 452 1
191 785 1
191 1989 1
192 196 1
192 371 1
192 1550 1
193 1508 1
193 1542 1
193 1731 1
193 1739 1
193 1963 1
194 214 1
194 1002 1
194 1425 1
194 2825 1
195 858 1
195 912 1
195 934 1
195 981 1
195 1052 1
195 1066 1
195 1399 1
195 1551 1
195 1668 1
195 1735 1
195 1786 1
195 2172 1
195 2405 1
195 2615 1
195 2739 1
196 2017 1
197 318 1
197 381 1
197 462 1
197 616 1
197 690 1
197 1085 1
197 1262 1
197 1331 1
197 1775 1
197 2484 1
198 1970 1
198 2142 1
199 285 1
199 906 1
199 1650 1
199 1927 1
200 237 1
200 2319 1
201 820 1
201 935 1
201 1896 1
201 2429 1
202 212 1
202 229 1
202 264 1
202 273 1
202 320 1
202 476 1
202 598 1
202 892 1
202 1299 1
202 1601 1
202 1762 1
202 2244 1
202 2904 1
204 224 1
204 236 1
204 283 1
204 330 1
204 1138 1
204 1273 1
204 1391 1
204 1548 1
204 1581 1
204 2192 1
204 2276 1
204 2482 1
206 207 1
206 231 1
206 298 1
206 451 1
206 605 1
206 923 1
206 942 1
206 1166 1
206 1466 1
206 1755 1
206 2526 1
207 216 1
207 286 1
207 413 1
207 438 1
207 526 1
207 812 1
207 2069 1
207 2331 1
207 2415 1
208 624 1
208 1230 1
208 1807 1
208 2942 1
209 1333 1
210 216 1
210 222 1
210 269 1
210 333 1
210 370 1
210 458 1
210 588 1
210 904 1
210 1150 1
210 1433 1
210 2023 1
210 2131 1
210 2735 1
211 312 1
211 510 1
211 525 1
211 820 1
211 1367 1
211 1813 1
211 1873 1
211 2018 1
211 2218 1
211 2925 1
211 2967 1
212 1689 1
212 1789 1
213 1902 1
214 1505 1
215 314 1
215 1958 1
215 2290 1
215 2797 1
217 321 1
217 349 1
217 540 1
217 1859 1
217 2846 1
218 241 1
218 340 1
218 1104 1
218 1675 1
218 1854 1
218 2959 1
219 1580 1
220 288 1
220 291 1
220 415 1
220 490 1
220 738 1
220 743 1
220 859 1
222 227 1
222 465 1
222 615 1
222 1182 1
222 1227 1
222 1246 1
222 2164 1
222 2271 1
222 2936 1
223 260 1
223 774 1
223 980 1
223 2623 1
224 375 1
224 2402 1
224 2821 1
225 378 1
225 2568 1
226 1224 1
226 1572 1
226 1608 1
226 1828 1
226 2382 1
226 2516 1
227 243 1
227 500 1
227 1514 1
227 2364 1
228 445 1
228 726 1
228 782 1
228 2853 1
229 296 1
229 463 1
229 644 1
229 694 1
229 746 1
229 815 1
229 1346 1
229 1644 1
229 1674 1
229 2744 1
232 740 1
232 965 1
232 1288 1
232 2665 1
232 2983 1
233 387 1
233 463 1
233 477 1
233 953 1
233 1252 1
233 1830 1
233 1940 1
233 1964 1
233 2220 1
234 744 1
234 882 1
234 906 1
234 1191 1
234 1681 1
234 1773 1
234 2458 1
234 2850 1
235 338 1
235 581 1
235 672 1
235 835 1
235 1931 1
235 2250 1
235 2262 1
236 293 1
236 716 1
236 777 1
236 1596 1
236 1637 1
236 1682 1
238 614 1
238 669 1
238 793 1
238 1207 1
238 1606 1
238 1699 1
238 1748 1
238 1830 1
238 2120 1
238 2715 1
239 257 1
239 2461 1
240 290 1
240 294 1
240 389 1
240 499 1
240 538 1
240 559 1
240 596 1
240 620 1
240 834 1
240 869 1
240 1223 1
240 1545 1
240 1595 1
240 1652 1
240 1658 1
240 1794 1
240 1825 1
240 1870 1
240 2283 1
240 2304 1
240 2465 1
240 2648 1
240 2883 1
240 2894 1
241 313 1
241 355 1
241 675 1
241 842 1
241 1193 1
241 1803 1
241 2350 1
241 2394 1
241 2446 1
242 501 1
242 779 1
242 930 1
242 954 1
242 1125 1
242 1646 1
242 1983 1
242 2066 1
242 2215 1
243 342 1
243 478 1
243 645 1
243 1477 1
244 661 1
244 747 1
244 824 1
244 1026 1
244 1831 1
244 1888 1
244 1898 1
245 607 1
245 1318 1
246 405 1
246 684 1
246 733 1
246 2086 1
246 2115 1
246 2197 1
246 2664 1
246 2792 1
247 448 1
247 561 1
247 931 1
247 1876 1
247 1923 1
247 2426 1
247 2938 1
248 1998 1
248 2862 1
249 594 1
249 1018 1
249 1158 1
249 1352 1
249 1675 1
249 1783 1
249 2069 1
250 382 1
250 427 1
250 773 1
250 997 1
250 1546 1
250 2434 1
250 2960 1
251 325 1
251 528 1
251 1086 1
251 1219 1
251 1320 1
251 1527 1
251 1570 1
251 1864 1
251 1900 1
251 2020 1
251 2575 1
252 323 1
252 394 1
252 470 1
252 548 1
252 939 1
252 1213 1
252 1484 1
252 2054 1
252 2160 1
252 2410 1
252 2847 1
253 374 1
253 661 1
253 836 1
253 902 1
253 1132 1
253 1233 1
253 2038 1
253 2735 1
254 450 1
254 1283 1
254 1526 1
255 506 1
255 1403 1
255 2978 1
256 867 1
257 1039 1
259 616 1
259 680 1
259 1095 1
259 1252 1
261 1061 1
262 263 1
262 1014 1
262 1719 1
262 1884 1
263 1321 1
263 2435 1
264 274 1
264 574 1
264 787 1
264 879 1
264 1206 1
264 1376 1
264 1501 1
264 1911 1
264 2261 1
264 2608 1
265 1099 1
266 277 1
266 1162 1
266 2035 1
267 399 1
268 1090 1
269 301 1
270 462 1
270 977 1
270 1129 1
270 1976 1
270 2023 1
270 2244 1
271 429 1
271 431 1
271 2103 1
271 2207 1
273 635 1
273 1785 1
274 294 1
274 414 1
274 466 1
274 686 1
274 780 1
274 975 1
274 1720 1
274 1725 1
274 1778 1
274 1779 1
274 2057 1
274 2363 1
275 369 1
275 1795 1
276 554 1
276 750 1
276 1278 1
276 1939 1
276 2961 1
277 1249 1
277 1365 1
278 321 1
278 382 1
278 515 1
278 659 1
278 794 1
278 830 1
278 1989 1
278 2173 1
278 2274 1
278 2571 1
278 2697 1
279 307 1
279 2787 1
280 313 1
280 459 1
280 1078 1
280 1715 1
280 2111 1
281 491 1
281 770 1
281 1536 1
281 1986 1
282 322 1
282 546 1
282 751 1
282 759 1
282 763 1
282 774 1
282 1662 1
282 2077 1
283 297 1
283 1126 1
283 1170 1
283 1792 1
283 2094 1
283 2754 1
284 416 1
284 705 1
284 1067 1
284 1231 1
284 1417 1
284 1590 1
284 1819 1
284 2680 1
284 2866 1
284 2935 1
285 474 1
285 552 1
285 636 1
285 665 1
285 1092 1
285 1196 1
285 1873 1
285 2891 1
286 678 1
286 2309 1
287 398 1
287 518 1
287 565 1
287 964 1
287 1055 1
287 1525 1
287 2268 1
288 457 1
288 584 1
288 2088 1
288 2578 1
289 1340 1
289 1410 1
289 1473 1
289 1808 1
289 2372 1
290 1262 1
291 331 1
291 352 1
291 762 1
291 938 1
291 1134 1
291 1186 1
291 1393 1
291 2532 1
292 368 1
292 555 1
292 625 1
292 872 1
292 1500 1
292 1648 1
292 1938 1
292 2190 1
293 881 1
293 2732 1
294 389 1
294 928 1
294 951 1
294 1323 1
294 1329 1
294 1961 1
294 2027 1
294 2271 1
294 2449 1
295 1796 1
296 443 1
296 464 1
296 715 1
296 849 1
296 861 1
296 972 1
296 1229 1
296 2003 1
297 317 1
297 360 1
297 439 1
297 537 1
297 599 1
297 734 1
297 1037 1
297 1064 1
297 1265 1
297 1397 1
297 2455 1
297 2775 1
297 2798 1
298 1361 1
300 412 1
300 1549 1
300 2848 1
301 545 1
301 1396 1
301 1520 1
301 2494 1
302 1216 1
302 1721 1
302 2570 1
304 428 1
304 487 1
304 546 1
304 564 1
304 623 1
304 709 1
304 710 1
304 819 1
304 1128 1
304 1592 1
304 1764 1
304 1806 1
304 2121 1
304 2447 1
304 2535 1
304 2817 1
305 609 1
305 908 1
305 1188 1
306 2005 1
306 2124 1
306 2220 1
307 497 1
307 547 1
307 1435 1
308 430 1
308 555 1
308 1357 1
308 2339 1
309 585 1
309 1292 1
309 2076 1
309 2386 1
311 322 1
311 696 1
311 785 1
311 1591 1
311 1696 1
311 2599 1
313 356 1
313 1017 1
313 1679 1
313 2278 1
313 2417 1
314 648 1
314 1979 1
314 2093 1
314 2723 1
315 1855 1
316 1279 1
316 2979 1
318 781 1
318 828 1
318 1112 1
318 1488 1
318 1493 1
318 1495 1
318 1561 1
318 1949 1
318 2193 1
318 2316 1
318 2613 1
318 2646 1
319 460 1
319 932 1
319 1926 1
320 467 1
320 718 1
320 814 1
320 846 1
320 887 1
320 1328 1
320 1486 1
320 2086 1
320 2511 1
321 329 1
321 2105 1
321 2637 1
322 735 1
323 800 1
323 2172 1
325 1083 1
325 1999 1
325 2392 1
326 838 1
326 1123 1
326 1759 1
326 2632 1
328 564 1
328 1764 1
329 440 1
329 720 1
329 1776 1
330 1058 1
330 1612 1
330 1716 1
330 2742 1
330 2901 1
331 522 1
331 852 1
331 2982 1
332 560 1
332 703 1
332 1007 1
332 1891 1
333 405 1
333 837 1
333 1108 1
333 1339 1
333 2572 1
333 2721 1
334 372 1
334 421 1
334 492 1
334 685 1
334 1005 1
334 1104 1
334 2765 1
334 2975 1
335 345 1
335 708 1
335 806 1
335 1175 1
335 1253 1
335 1353 1
335 1469 1
335 1521 1
335 2188 1
336 346 1
336 969 1
336 2704 1
337 622 1
338 643 1
338 788 1
338 1127 1
338 1879 1
338 2145 1
338 2595 1
339 1292 1
339 1609 1
339 1990 1
340 524 1
340 545 1
340 730 1
340 878 1
340 1116 1
340 1304 1
340 1568 1
340 1574 1
340 1850 1
340 2300 1
340 2361 1
341 370 1
341 488 1
341 663 1
341 850 1
341 1345 1
341 1464 1
341 1769 1
341 1774 1
341 1926 1
342 411 1
342 568 1
342 1522 1
342 1702 1
343 1574 1
343 2908 1
344 670 1
344 857 1
344 1545 1
344 1656 1
344 1883 1
344 1899 1
344 2226 1
344 2236 1
344 2393 1
345 351 1
345 553 1
345 877 1
345 1669 1
345 1705 1
345 2589 1
347 915 1
347 1408 1
347 1710 1
347 2390 1
347 2839 1
349 360 1
349 575 1
349 629 1
349 794 1
349 1025 1
349 1159 1
349 1409 1
349 1611 1
349 1805 1
350 753 1
350 815 1
350 1062 1
350 1383 1
350 1432 1
350 1480 1
351 2560 1
352 904 1
352 1800 1
353 1113 1
353 1452 1
353 1684 1
354 484 1
354 863 1
355 477 1
355 502 1
355 2319 1
356 363 1
356 404 1
356 602 1
356 736 1
356 889 1
356 1079 1
356 1199 1
356 1240 1
356 1285 1
356 1398 1
356 1756 1
356 1840 1
356 2047 1
357 1201 1
357 1655 1
358 2759 1
359 365 1
359 1084 1
360 821 1
360 959 1
360 1578 1
361 741 1
361 1239 1
361 1350 1
361 1766 1
361 2092 1
361 2141 1
361 2414 1
361 2943 1
362 417 1
362 482 1
362 802 1
362 822 1
362 1040 1
362 1290 1
362 1849 1
362 1875 1
362 2421 1
362 2844 1
363 615 1
363 875 1
363 882 1
363 1024 1
363 1142 1
363 1811 1
363 1891 1
363 2010 1
363 2287 1
363 2388 1
363 2395 1
363 2486 1
364 481 1
364 1984 1
365 435 1
365 795 1
366 1540 1
366 2118 1
367 2341 1
368 1016 1
368 1319 1
368 2201 1
368 2264 1
368 2722 1
368 2913 1
369 683 1
369 1003 1
369 1411 1
369 1532 1
369 1912 1
369 2159 1
369 2932 1
370 608 1
370 1594 1
370 2087 1
371 401 1
371 1312 1
371 2251 1
371 2343 1
371 2569 1
371 2845 1
371 2914 1
371 2956 1
372 1047 1
372 2080 1
372 2600 1
373 428 1
373 691 1
373 808 1
373 901 1
373 1995 1
373 2612 1
375 871 1
375 1099 1
376 620 1
376 883 1
376 2976 1
377 625 1
377 633 1
377 977 1
377 1183 1
377 1233 1
377 1646 1
378 379 1
378 509 1
378 662 1
378 1918 1
378 2126 1
378 2321 1
378 2459 1
378 2485 1
379 935 1
379 957 1
379 1097 1
379 1358 1
379 1411 1
379 1585 1
379 1678 1
379 2184 1
379 2500 1
379 2533 1
379 2561 1
379 2574 1
380 848 1
380 1363 1
380 1616 1
381 468 1
381 763 1
382 653 1
383 2357 1
383 2795 1
384 415 1
384 727 1
384 871 1
384 1242 1
384 1479 1
384 1526 1
384 1617 1
384 1752 1
384 2282 1
384 2691 1
385 963 1
385 1042 1
385 1628 1
385 2613 1
386 588 1
386 857 1
386 965 1
386 1502 1
387 2993 1
388 893 1
388 918 1
388 1521 1
388 2444 1
391 1139 1
391 1656 1
393 469 1
393 607 1
393 1185 1
393 1190 1
393 1256 1
393 1276 1
393 2544 1
394 594 1
395 549 1
395 577 1
395 745 1
395 2136 1
395 2440 1
396 605 1
396 852 1
396 1205 1
396 2504 1
397 1251 1
398 880 1
398 1257 1
399 872 1
399 1045 1
400 652 1
400 1096 1
400 1210 1
400 1809 1
401 1157 1
401 1462 1
402 1010 1
402 1663 1
402 1667 1
402 2261 1
404 1401 1
404 2412 1
406 1630 1
406 1730 1
406 2362 1
407 460 1
407 557 1
407 782 1
407 2032 1
408 496 1
408 628 1
408 962 1
408 1645 1
408 2024 1
409 632 1
409 796 1
409 873 1
409 2138 1
410 664 1
410 1166 1
410 1245 1
410 1747 1
411 1032 1
411 1274 1
411 2348 1
412 1077 1
412 2576 1
413 1936 1
413 2731 1
414 488 1
414 1086 1
414 1697 1
414 2677 1
415 1031 1
415 2833 1
416 530 1
416 1221 1
416 2091 1
416 2183 1
416 2326 1
417 805 1
417 2132 1
417 2344 1
420 541 1
420 657 1
420 1125 1
420 1194 1
420 2303 1
421 873 1
421 1383 1
421 2971 1
422 572 1
422 2465 1
423 449 1
423 519 1
423 563 1
423 732 1
423 924 1
423 1295 1
423 1305 1
423 1369 1
423 1692 1
423 1745 1
423 1823 1
423 1834 1
423 1902 1
423 1950 1
423 2299 1
423 2791 1
423 2980 1
424 524 1
424 591 1
424 1235 1
424 2903 1
425 2630 1
426 717 1
426 1599 1
426 1705 1
427 552 1
427 655 1
427 961 1
427 1197 1
427 1209 1
427 2365 1
427 2618 1
428 719 1
428 2524 1
428 2908 1
429 1002 1
430 803 1
430 1378 1
431 941 1
431 2124 1
431 2626 1
432 761 1
432 989 1
432 1697 1
432 2328 1
434 1116 1
435 1457 1
435 1668 1
435 2183 1
436 900 1
436 915 1
436 1060 1
436 1297 1
436 1380 1
436 1602 1
436 1746 1
436 2022 1
436 2245 1
437 2543 1
439 700 1
439 835 1
439 2714 1
439 2809 1
442 801 1
442 999 1
442 1624 1
442 2048 1
442 2191 1
443 514 1
443 712 1
443 790 1
443 1070 1
443 1146 1
443 2268 1
443 2483 1
443 2605 1
443 2872 1
443 2987 1
444 1845 1
445 2112 1
445 2243 1
445 2318 1
447 1339 1
447 1806 1
447 2682 1
448 2594 1
449 798 1
450 956 1
450 967 1
450 1272 1
450 1420 1
450 1688 1
450 2507 1
451 537 1
451 1278 1
451 2084 1
452 868 1
452 2312 1
453 569 1
454 1672 1
454 1714 1
455 517 1
455 534 1
455 568 1
455 773 1
455 841 1
455 928 1
455 1347 1
455 1586 1
456 770 1
457 927 1
457 1582 1
462 834 1
462 930 1
462 1917 1
463 856 1
463 1117 1
463 1182 1
463 1207 1
463 1364 1
463 1544 1
463 1573 1
463 1808 1
463 2180 1
463 2269 1
464 958 1
464 1105 1
464 1360 1
464 2267 1
465 693 1
465 769 1
465 847 1
465 1443 1
465 1587 1
465 1793 1
465 1931 1
465 2371 1
467 652 1
467 710 1
467 761 1
468 527 1
468 637 1
468 666 1
468 2488 1
469 2330 1
470 548 1
470 571 1
470 604 1
470 654 1
470 792 1
470 911 1
470 1856 1
470 1905 1
470 1983 1
470 2170 1
470 2411 1
470 2620 1
470 2741 1
471 1787 1
472 2507 1
473 597 1
473 799 1
473 1457 1
474 499 1
474 1188 1
475 543 1
475 846 1
475 937 1
475 940 1
475 1630 1
475 1804 1
475 2154 1
475 2449 1
476 853 1
476 1418 1
477 1615 1
477 2352 1
478 1238 1
478 1538 1
479 1227 1
479 1335 1
479 2442 1
482 630 1
482 1338 1
482 1342 1
482 1773 1
482 2323 1
483 574 1
484 517 1
484 962 1
485 504 1
485 641 1
485 656 1
485 1336 1
485 2709 1
486 547 1
486 973 1
486 1271 1
487 1087 1
487 1977 1
487 2538 1
487 2651 1
488 724 1
488 1409 1
488 2073 1
490 690 1
490 1959 1
490 2729 1
491 1645 1
491 1868 1
491 2481 1
493 2273 1
495 1332 1
495 2167 1
496 739 1
496 1270 1
496 1360 1
496 1436 1
496 1569 1
496 1831 1
497 606 1
497 811 1
497 876 1
497 1215 1
497 1614 1
497 1974 1
497 2420 1
497 2523 1
498 558 1
498 1459 1
498 1559 1
499 1225 1
499 1382 1
499 1709 1
499 1939 1
499 2871 1
500 905 1
502 578 1
502 1610 1
502 2417 1
502 2989 1
503 1869 1
503 1909 1
504 1120 1
504 1550 1
506 519 1
507 1205 1
507 1466 1
507 1490 1
507 1636 1
507 2425 1
507 2556 1
508 831 1
508 922 1
508 1503 1
508 1943 1
509 1284 1
509 1326 1
509 1691 1
509 1723 1
509 2934 1
510 1134 1
510 2177 1
511 613 1
511 677 1
512 595 1
512 1341 1
514 993 1
514 2016 1
515 1766 1
516 626 1
516 983 1
516 1093 1
516 1178 1
516 1708 1
516 1903 1
516 2042 1
517 940 1
517 1029 1
517 2460 1
518 693 1
518 1255 1
518 2581 1
519 865 1
519 1438 1
519 1981 1
519 2170 1
520 711 1
520 1475 1
520 1686 1
520 2589 1
520 2915 1
521 1035 1
521 2237 1
522 553 1
522 651 1
522 737 1
522 845 1
522 910 1
522 1008 1
522 1009 1
522 1727 1
522 1835 1
522 1886 1
522 2198 1
522 2525 1
522 2587 1
523 901 1
524 2099 1
525 818 1
525 842 1
525 1092 1
525 1325 1
526 2659 1
527 775 1
527 1373 1
527 1448 1
527 2640 1
527 2947 1
528 691 1
528 954 1
528 2434 1
529 530 1
529 1254 1
529 1258 1
529 1406 1
529 2234 1
529 2592 1
530 996 1
532 1582 1
533 1883 1
533 2237 1
535 2011 1
535 2485 1
536 696 1
536 2692 1
537 1978 1
538 1270 1
538 1389 1
538 2733 1
538 2912 1
539 812 1
539 869 1
539 949 1
539 1614 1
539 1845 1
539 2017 1
540 2915 1
541 570 1
541 688 1
541 1007 1
541 1009 1
541 1893 1
541 2897 1
542 780 1
542 828 1
542 1732 1
542 2084 1
542 2954 1
544 1153 1
544 2232 1
544 2682 1
545 1997 1
545 2363 1
545 2641 1
546 590 1
546 626 1
546 801 1
546 1184 1
546 1431 1
546 1741 1
546 2000 1
546 2622 1
546 2969 1
549 931 1
549 1267 1
549 1639 1
549 2760 1
549 2878 1
550 1133 1
550 1612 1
550 1713 1
550 2137 1
550 2420 1
551 994 1
551 1492 1
551 1552 1
551 1682 1
551 1957 1
551 1972 1
551 2804 1
551 2942 1
552 1372 1
552 1519 1
552 1747 1
552 2724 1
553 1518 1
553 2855 1
554 557 1
554 579 1
554 1148 1
554 2104 1
554 2661 1
554 2844 1
555 911 1
555 2034 1
558 1921 1
558 2209 1
558 2597 1
559 1984 1
559 2725 1
560 663 1
560 2656 1
561 1251 1
561 2093 1
561 2550 1
561 2560 1
562 600 1
562 1038 1
562 1482 1
562 1936 1
562 2962 1
564 707 1
564 982 1
564 2327 1
565 1430 1
565 1674 1
565 2277 1
566 1348 1
567 714 1
567 1328 1
567 1575 1
567 2433 1
568 2441 1
568 2728 1
569 2354 1
570 673 1
570 854 1
570 947 1
570 974 1
570 1124 1
570 1667 1
570 1718 1
572 728 1
572 741 1
572 923 1
572 1733 1
573 633 1
573 657 1
573 989 1
573 1069 1
575 1161 1
575 1677 1
575 2513 1
577 642 1
577 2617 1
578 1708 1
582 591 1
582 612 1
582 755 1
582 890 1
582 1044 1
582 1385 1
583 1748 1
584 1107 1
584 1317 1
584 1412 1
584 2061 1
584 2200 1
585 1247 1
586 1818 1
586 2914 1
587 1076 1
587 1236 1
587 1413 1
587 1762 1
587 2222 1
587 2674 1
588 608 1
588 1036 1
588 1050 1
588 1826 1
588 1858 1
589 1848 1
589 2279 1
590 743 1
590 1084 1
590 1311 1
591 609 1
591 996 1
592 800 1
594 737 1
594 1208 1
594 1657 1
595 1243 1
595 1712 1
595 1863 1
595 2048 1
597 1082 1
597 1216 1
598 1021 1
598 1390 1
598 1577 1
599 885 1
599 1542 1
599 1555 1
600 1511 1
601 638 1
601 1033 1
601 1865 1
601 2620 1
601 2628 1
602 2461 1
603 729 1
603 1030 1
604 1047 1
604 2663 1
605 684 1
605 721 1
605 1707 1
606 2167 1
607 1400 1
607 1490 1
608 843 1
608 1194 1
608 2173 1
610 692 1
611 2051 1
611 2381 1
611 2573 1
611 2607 1
612 1208 1
612 1590 1
612 1683 1
612 1691 1
612 2150 1
612 2470 1
612 2777 1
613 765 1
613 2025 1
613 2342 1
614 709 1
614 808 1
614 917 1
614 1008 1
614 1144 1
614 1335 1
614 1364 1
614 2096 1
614 2919 1
615 1176 1
615 1269 1
615 1468 1
615 1791 1
615 2181 1
615 2542 1
615 2685 1
615 2746 1
615 2852 1
616 783 1
616 1179 1
616 1523 1
616 2814 1
617 735 1
617 1605 1
617 2723 1
618 1361 1
618 2590 1
618 2601 1
619 827 1
619 1518 1
620 1822 1
620 2276 1
621 1119 1
622 711 1
622 859 1
622 1137 1
622 2168 1
623 1379 1
623 1643 1
624 772 1
624 1316 1
624 2387 1
624 2968 1
625 703 1
625 1103 1
625 2156 1
625 2193 1
625 2822 1
626 748 1
626 1530 1
627 643 1
627 1139 1
627 1504 1
627 1887 1
627 2549 1
628 1771 1
630 1050 1
632 694 1
632 851 1
632 1000 1
632 1113 1
632 1405 1
632 1412 1
632 1666 1
632 1728 1
632 1957 1
632 2489 1
632 2527 1
632 2703 1
632 2729 1
634 1142 1
634 1388 1
635 768 1
635 807 1
635 916 1
635 1281 1
635 2050 1
636 2714 1
637 1857 1
639 745 1
639 1157 1
639 1275 1
639 2367 1
640 990 1
640 2935 1
641 1597 1
641 2808 1
642 837 1
642 921 1
643 1394 1
643 2783 1
644 1634 1
644 1790 1
645 1200 1
645 2383 1
646 1069 1
647 2649 1
647 2759 1
649 841 1
651 1496 1
651 2286 1
652 2998 1
653 836 1
653 1012 1
653 1025 1
653 1072 1
653 2110 1
655 1355 1
655 2364 1
655 2498 1
656 1127 1
656 1131 1
656 1541 1
656 2068 1
656 2427 1
657 668 1
657 1081 1
657 1437 1
657 2598 1
657 2631 1
658 803 1
658 1392 1
658 1861 1
659 946 1
659 1327 1
659 1344 1
659 1537 1
659 2336 1
659 2651 1
660 1048 1
660 1235 1
661 697 1
661 778 1
661 893 1
661 1042 1
661 1164 1
661 1385 1
661 2669 1
661 2726 1
662 1722 1
662 1951 1
662 2660 1
662 2685 1
662 2911 1
663 823 1
663 943 1
663 1105 1
663 1155 1
663 1395 1
663 1487 1
663 1513 1
663 2025 1
663 2229 1
663 2277 1
663 2606 1
663 2763 1
663 2801 1
663 2802 1
664 865 1
664 899 1
664 1522 1
664 2622 1
664 2841 1
665 877 1
665 1263 1
665 1710 1
665 2201 1
665 2320 1
665 2731 1
666 2888 1
668 969 1
668 1198 1
668 1910 1
668 1913 1
669 714 1
670 1629 1
670 2903 1
671 2950 1
672 2223 1
673 1138 1
673 1507 1
674 888 1
674 1049 1
674 1174 1
674 1260 1
674 1293 1
674 1479 1
674 1618 1
674 1648 1
674 1680 1
674 1882 1
674 1896 1
674 2214 1
674 2453 1
674 2784 1
675 1019 1
675 1043 1
675 1895 1
675 2044 1
676 749 1
677 695 1
677 1533 1
677 2313 1
677 2927 1
677 2946 1
678 1401 1
678 2130 1
679 681 1
679 1181 1
679 1454 1
679 1586 1
679 2225 1
679 2448 1
679 2468 1
679 2645 1
679 2944 1
680 771 1
680 914 1
680 1613 1
680 1728 1
680 1780 1
682 886 1
682 1038 1
682 1145 1
682 1290 1
682 1664 1
682 1971 1
682 2322 1
682 2374 1
682 2421 1
682 2566 1
682 2602 1
684 1378 1
684 2108 1
686 2902 1
687 2169 1
688 1534 1
688 2520 1
689 900 1
689 2065 1
689 2677 1
690 2107 1
691 1176 1
693 2286 1
693 2585 1
693 2868 1
694 1749 1
695 925 1
695 2228 1
697 778 1
697 880 1
697 936 1
699 1126 1
699 2125 1
699 2751 1
700 1478 1
700 1920 1
701 2672 1
701 2916 1
702 2144 1
704 898 1
705 1598 1
705 1607 1
706 1753 1
706 1782 1
706 2014 1
708 1098 1
708 1308 1
708 1972 1
709 1215 1
711 1106 1
711 1327 1
711 1368 1
711 1709 1
711 2470 1
711 2837 1
714 1081 1
714 2073 1
714 2154 1
714 2210 1
714 2480 1
715 974 1
715 1637 1
715 2795 1
715 2837 1
716 1693 1
716 2095 1
717 2876 1
718 2349 1
718 2826 1
719 2773 1
720 2748 1
722 752 1
722 896 1
722 1053 1
722 1153 1
722 1390 1
722 1629 1
722 1664 1
722 1811 1
722 2358 1
722 2533 1
722 2594 1
722 2647 1
722 2818 1
722 2907 1
722 2964 1
723 793 1
723 1020 1
723 1638 1
725 1147 1
727 867 1
727 1507 1
727 2047 1
728 891 1
728 1203 1
728 1438 1
728 1967 1
728 2029 1
728 2432 1
729 802 1
729 2085 1
729 2403 1
729 2432 1
729 2479 1
729 2687 1
729 2732 1
730 2099 1
731 1484 1
731 2008 1
731 2834 1
734 968 1
734 2163 1
736 1742 1
736 1993 1
736 2618 1
738 997 1
738 1388 1
739 926 1
739 1389 1
739 2063 1
739 2845 1
740 1897 1
741 764 1
741 1496 1
741 2280 1
742 1524 1
742 1835 1
742 2980 1
743 1287 1
744 1063 1
744 1072 1
744 1823 1
744 2260 1
744 2773 1
745 2567 1
746 2986 1
747 822 1
747 983 1
747 1027 1
747 2675 1
747 2987 1
748 2101 1
750 1547 1
751 1165 1
751 2801 1
752 2263 1
753 1018 1
753 1527 1
754 1068 1
755 1021 1
755 1276 1
755 1791 1
755 2379 1
756 1039 1
756 2564 1
758 1089 1
758 1734 1
758 1797 1
758 1935 1
758 1985 1
758 2109 1
759 855 1
759 897 1
759 1011 1
759 1919 1
759 2587 1
761 1129 1
761 1161 1
762 797 1
762 1065 1
762 1370 1
762 1512 1
764 1066 1
764 1767 1
764 1884 1
764 2971 1
765 1968 1
766 814 1
766 1923 1
766 2027 1
767 790 1
767 1647 1
768 2480 1
768 2649 1
769 929 1
769 1314 1
769 2014 1
769 2835 1
771 1485 1
772 2202 1
773 1358 1
773 1955 1
773 2388 1
774 1200 1
774 1988 1
774 2248 1
774 2308 1
774 2946 1
775 832 1
775 856 1
777 1022 1
777 2297 1
779 1325 1
779 1448 1
780 1214 1
780 1402 1
780 2256 1
781 1187 1
781 1306 1
781 2802 1
782 1386 1
782 1516 1
782 2152 1
782 2624 1
783 1354 1
783 2295 1
783 2422 1
785 786 1
786 1792 1
786 2045 1
787 905 1
787 916 1
787 1051 1
787 1787 1
787 2345 1
787 2406 1
788 1265 1
788 1651 1
789 1136 1
789 1816 1
789 2588 1
790 938 1
790 1934 1
791 1510 1
791 1689 1
791 2518 1
791 2947 1
792 921 1
792 2211 1
794 1041 1
795 1073 1
795 2477 1
795 2578 1
797 821 1
797 985 1
797 2332 1
798 1635 1
798 1649 1
798 2018 1
798 2566 1
799 939 1
799 1145 1
799 1165 1
799 1471 1
799 2258 1
799 2272 1
799 2770 1
800 816 1
800 1495 1
800 2752 1
805 929 1
806 1636 1
807 1175 1
807 1320 1
807 1547 1
807 1980 1
807 2062 1
807 2128 1
807 2477 1
807 2597 1
809 1163 1
810 1973 1
811 2044 1
811 2573 1
811 2979 1
813 854 1
813 894 1
813 920 1
813 1304 1
814 1770 1
814 1908 1
814 2008 1
814 2287 1
814 2694 1
815 990 1
815 1439 1
816 2332 1
817 1744 1
817 2873 1
817 2901 1
818 1034 1
818 1467 1
818 1541 1
818 2067 1
818 2215 1
818 2992 1
819 1128 1
819 2057 1
819 2293 1
819 2724 1
819 2767 1
820 2142 1
820 2803 1
821 2458 1
823 1261 1
823 1565 1
823 1641 1
823 1841 1
823 2478 1
823 2510 1
825 2445 1
826 1337 1
826 1852 1
828 1154 1
828 1222 1
831 2683 1
832 1615 1
833 2806 1
834 1057 1
834 1120 1
834 1141 1
834 1441 1
834 2473 1
835 895 1
835 1992 1
838 1505 1
838 2462 1
840 1556 1
840 1666 1
841 1094 1
842 1948 1
842 2505 1
844 2133 1
844 2324 1
845 1717 1
847 1416 1
847 2641 1
848 1193 1
848 1966 1
849 1347 1
849 2228 1
849 2626 1
849 2805 1
850 1394 1
850 1714 1
850 2144 1
850 2455 1
850 2684 1
850 2711 1
851 897 1
852 973 1
852 1171 1
853 955 1
853 1300 1
853 1851 1
853 2338 1
853 2634 1
853 2703 1
854 1281 1
854 1594 1
854 2298 1
854 2868 1
854 2997 1
855 1356 1
856 2995 1
858 1240 1
859 992 1
859 1119 1
859 1567 1
859 1600 1
859 1649 1
860 1192 1
860 2285 1
860 2400 1
861 1330 1
861 1917 1
861 2110 1
861 2445 1
861 2630 1
862 1960 1
863 1313 1
864 1838 1
864 2394 1
865 2902 1
867 909 1
867 1784 1
868 2203 1
868 2559 1
869 1562 1
870 1307 1
870 1450 1
870 2169 1
871 1324 1
871 1655 1
871 2092 1
871 2208 1
871 2289 1
871 2309 1
871 2399 1
871 2490 1
871 2500 1
871 2875 1
873 1688 1
874 950 1
874 2945 1
875 1051 1
876 2046 1
876 2053 1
876 2502 1
877 1351 1
877 1821 1
878 1259 1
879 1702 1
880 2227 1
880 2499 1
882 1622 1
882 1745 1
884 1046 1
884 1433 1
884 1535 1
884 1580 1
884 1987 1
884 2015 1
885 1152 1
885 1502 1
885 2863 1
891 1453 1
892 1870 1
892 2977 1
893 1055 1
893 1975 1
893 2653 1
896 944 1
896 1757 1
896 2004 1
896 2238 1
896 2551 1
896 2585 1
896 2730 1
897 1040 1
897 2504 1
898 1866 1
900 1554 1
900 2117 1
901 1338 1
901 2071 1
901 2673 1
903 1041 1
903 2495 1
903 2550 1
904 1534 1
904 2414 1
905 2789 1
906 1687 1
906 1759 1
906 1882 1
906 1913 1
906 2488 1
906 2952 1
907 913 1
907 1294 1
907 2102 1
907 2265 1
908 959 1
908 1141 1
908 1219 1
908 1334 1
908 1352 1
908 1763 1
908 1799 1
908 1832 1
909 2227 1
912 2820 1
913 1499 1
913 2257 1
914 1080 1
914 2333 1
914 2366 1
914 2953 1
915 1587 1
915 2639 1
916 1075 1
917 1266 1
917 1286 1
917 2266 1
917 2609 1
918 1053 1
919 2233 1
921 1315 1
921 2311 1
921 2466 1
921 2518 1
921 2615 1
921 2734 1
922 1563 1
922 2456 1
922 2850 1
923 1133 1
923 1621 1
923 1990 1
923 2547 1
923 2760 1
924 1097 1
924 1566 1
924 1862 1
925 1483 1
926 1659 1
926 2119 1
926 2474 1
926 2476 1
926 2637 1
928 934 1
928 1079 1
928 1729 1
928 1995 1
929 993 1
929 1603 1
929 2156 1
929 2297 1
929 2408 1
929 2769 1
930 978 1
931 1121 1
931 1298 1
931 1726 1
931 1871 1
933 1247 1
933 1818 1
933 1887 1
933 2828 1
934 1280 1
934 2160 1
935 1598 1
935 1819 1
935 2538 1
936 1421 1
936 2198 1
937 1760 1
937 2697 1
937 2889 1
938 1172 1
938 1300 1
938 1558 1
938 2310 1
938 2368 1
939 1677 1
940 1529 1
940 1638 1
940 2357 1
941 1740 1
941 1968 1
941 2806 1
942 1253 1
942 2698 1
944 2790 1
946 1408 1
946 2000 1
946 2281 1
949 1302 1
949 1862 1
949 2345 1
951 1996 1
951 2755 1
951 2857 1
954 1027 1
954 1168 1
955 960 1
955 1090 1
955 1930 1
955 2081 1
955 2805 1
956 2975 1
957 1386 1
961 1250 1
961 2625 1
963 2339 1
963 2576 1
964 1392 1
964 2804 1
965 982 1
965 1279 1
965 2392 1
966 1149 1
967 1841 1
968 1195 1
968 1565 1
968 2151 1
968 2547 1
968 2849 1
969 1310 1
971 2074 1
972 1034 1
972 1359 1
972 2132 1
972 2503 1
974 1184 1
975 1180 1
975 2136 1
976 1459 1
976 2006 1
976 2148 1
977 1449 1
977 2105 1
977 2230 1
977 2705 1
977 2778 1
979 1777 1
980 1234 1
980 1263 1
982 1199 1
982 2757 1
983 1381 1
984 1377 1
985 1210 1
986 1186 1
989 2387 1
990 2070 1
991 1593 1
991 2255 1
992 1424 1
992 1785 1
993 2219 1
994 1124 1
994 1204 1
994 1523 1
994 1861 1
996 1752 1
999 1653 1
1001 2509 1
1002 1735 1
1003 1406 1
1003 1669 1
1005 1657 1
1007 1013 1
1007 1407 1
1007 1483 1
1007 1904 1
1007 1941 1
1007 2216 1
1007 2439 1
1008 1076 1
1008 1544 1
1008 1579 1
1008 2381 1
1008 2638 1
1009 2052 1
1010 1960 1
1012 1519 1
1014 1088 1
1014 1249 1
1014 1959 1
1016 1149 1
1016 1665 1
1016 1829 1
1016 2640 1
1017 1242 1
1019 1879 1
1019 2437 1
1019 2794 1
1019 2996 1
1021 1043 1
1021 1143 1
1022 1118 1
1022 2990 1
1023 2058 1
1024 2212 1
1025 1404 1
1025 1557 1
1025 2807 1
1025 2832 1
1026 1453 1
1026 2949 1
1027 1591 1
1027 2780 1
1028 1475 1
1029 2572 1
1030 1195 1
1030 2858 1
1031 1432 1
1032 1101 1
1033 2900 1
1034 1341 1
1034 2531 1
1035 1160 1
1035 1250 1
1035 1442 1
1035 1451 1
1036 2234 1
1038 1420 1
1040 1566 1
1040 1848 1
1040 2274 1
1040 2425 1
1040 2797 1
1041 1177 1
1041 2716 1
1044 1085 1
1044 2418 1
1044 2609 1
1044 2863 1
1045 1167 1
1045 2702 1
1046 1177 1
1046 1213 1
1046 1824 1
1047 2486 1
1048 1583 1
1050 2316 1
1053 1058 1
1053 1259 1
1053 2512 1
1053 2726 1
1054 2009 1
1056 1713 1
1057 1130 1
1057 1232 1
1058 1173 1
1058 1732 1
1058 2706 1
1058 2779 1
1058 2869 1
1059 1611 1
1060 2665 1
1062 1098 1
1065 1106 1
1065 1221 1
1065 2135 1
1065 2253 1
1065 2496 1
1066 1171 1
1066 1779 1
1066 2288 1
1066 2306 1
1066 2450 1
1066 2747 1
1066 2835 1
1068 1293 1
1070 1346 1
1070 1718 1
1072 2123 1
1072 2247 1
1074 2373 1
1074 2633 1
1075 1892 1
1076 1187 1
1076 1248 1
1076 1435 1
1076 1772 1
1079 1093 1
1079 2836 1
1080 2741 1
1081 2155 1
1081 2495 1
1081 2632 1
1081 2793 1
1083 1633 1
1083 1945 1
1084 1286 1
1084 1456 1
1084 1833 1
1084 2072 1
1084 2185 1
1084 2347 1
1084 2663 1
1085 2624 1
1089 2134 1
1089 2304 1
1089 2326 1
1090 1226 1
1092 1427 1
1094 1202 1
1094 2070 1
1094 2984 1
1095 1110 1
1095 1387 1
1096 2459 1
1097 1743 1
1098 1238 1
1098 2892 1
1099 1371 1
1100 1993 1
1100 2579 1
1101 1854 1
1101 1860 1
1101 2356 1
1101 2678 1
1102 1570 1
1102 1628 1
1102 2788 1
1103 1283 1
1103 1654 1
1104 1359 1
1104 2104 1
1105 2972 1
1106 2200 1
1108 2327 1
1108 2848 1
1110 2063 1
1115 1248 1
1116 2957 1
1117 2965 1
1118 2921 1
1121 1203 1
1121 1687 1
1121 1839 1
1123 1749 1
1123 2438 1
1124 1289 1
1127 1282 1
1128 1680 1
1128 2229 1
1129 1551 1
1129 2016 1
1130 1404 1
1130 2235 1
1131 2720 1
1132 1427 1
1133 1384 1
1134 1449 1
1134 2761 1
1134 2791 1
1135 1485 1
1135 1934 1
1135 2769 1
1141 2015 1
1141 2022 1
1143 1503 1
1145 1206 1
1145 1584 1
1147 1376 1
1148 1513 1
1148 1620 1
1148 2055 1
1148 2165 1
1149 1613 1
1150 1211 1
1150 2819 1
1151 1198 1
1151 2145 1
1153 1156 1
1153 2066 1
1153 2135 1
1153 2546 1
1154 1363 1
1154 1741 1
1155 1179 1
1156 1798 1
1157 1301 1
1157 1469 1
1157 1548 1
1157 1937 1
1157 2334 1
1158 2972 1
1160 1670 1
1160 2242 1
1160 2330 1
1161 1455 1
1163 1458 1
1163 1470 1
1163 1899 1
1163 2265 1
1165 1256 1
1165 1974 1
1166 2913 1
1168 2876 1
1169 1403 1
1169 2125 1
1170 1707 1
1170 2224 1
1170 2365 1
1170 2577 1
1170 2820 1
1170 2941 1
1173 1922 1
1174 2184 1
1175 1189 1
1175 1291 1
1175 1681 1
1175 1712 1
1175 2335 1
1176 2460 1
1176 2881 1
1177 2939 1
1178 1237 1
1178 1245 1
1178 2544 1
1179 2794 1
1182 1342 1
1183 1894 1
1185 1343 1
1185 1726 1
1185 2695 1
1186 1750 1
1191 1585 1
1191 1942 1
1193 2571 1
1194 1736 1
1194 2610 1
1195 1268 1
1195 2028 1
1198 2413 1
1202 1487 1
1202 2944 1
1204 1224 1
1204 1650 1
1204 2303 1
1205 1843 1
1207 2439 1
1207 2478 1
1210 2122 1
1211 1642 1
1211 2052 1
1211 2462 1
1212 2335 1
1213 2253 1
1214 1350 1
1214 1941 1
1214 2905 1
1215 1549 1
1215 1622 1
1215 2346 1
1218 1778 1
1222 1480 1
1223 2553 1
1225 1508 1
1225 1634 1
1225 2243 1
1226 2247 1
1227 1344 1
1227 1509 1
1227 1564 1
1227 1754 1
1227 1982 1
1231 1817 1
1231 2858 1
1231 2991 1
1232 2259 1
1233 1816 1
1233 2199 1
1236 2491 1
1237 1374 1
1238 2002 1
1238 2370 1
1238 2708 1
1240 1382 1
1240 2239 1
1241 1373 1
1243 1280 1
1245 1824 1
1249 1872 1
1250 2402 1
1252 1701 1
1252 1799 1
1252 1929 1
1252 2652 1
1254 1635 1
1256 1871 1
1256 2301 1
1257 1575 1
1259 2098 1
1259 2241 1
1260 1620 1
1260 2266 1
1261 1277 1
1264 1703 1
1264 1804 1
1264 1855 1
1265 1424 1
1265 1528 1
1268 2078 1
1269 1489 1
1271 1660 1
1271 2254 1
1271 2766 1
1271 3000 1
1276 2196 1
1283 2351 1
1283 2471 1
1285 2586 1
1285 2855 1
1286 2283 1
1288 1727 1
1288 2443 1
1288 2799 1
1292 1616 1
1293 2026 1
1294 1417 1
1294 2446 1
1294 2679 1
1294 2815 1
1295 2829 1
1296 2712 1
1297 2396 1
1298 1701 1
1298 2280 1
1298 2537 1
1298 2584 1
1300 1730 1
1300 2890 1
1301 1482 1
1302 2095 1
1302 2676 1
1304 1653 1
1304 2494 1
1304 2579 1
1305 2074 1
1309 1571 1
1309 1832 1
1309 2108 1
1309 2730 1
1311 1633 1
1311 2106 1
1312 2174 1
1314 1617 1
1314 1853 1
1314 2558 1
1316 1795 1
1317 2510 1
1320 1354 1
1322 2294 1
1323 1454 1
1325 2033 1
1327 1578 1
1331 1387 1
1331 1768 1
1331 2128 1
1331 2422 1
1331 2679 1
1333 1446 1
1333 1624 1
1333 1863 1
1334 2246 1
1334 2413 1
1334 2475 1
1334 2877 1
1335 2833 1
1338 2177 1
1341 1445 1
1341 1690 1
1343 1405 1
1343 1765 1
1345 1916 1
1347 2580 1
1347 2998 1
1349 1573 1
1349 2291 1
1350 1463 1
1350 1491 1
1350 1874 1
1350 2405 1
1351 1560 1
1351 1945 1
1355 2652 1
1355 2982 1
1356 2487 1
1356 2545 1
1356 2671 1
1359 1976 1
1360 2191 1
1361 2083 1
1361 2528 1
1362 2407 1
1362 2895 1
1363 1768 1
1368 1423 1
1371 1415 1
1373 2866 1
1376 1632 1
1377 2264 1
1381 1924 1
1381 2091 1
1382 1640 1
1383 1903 1
1384 2884 1
1386 2195 1
1386 2305 1
1387 1724 1
1388 2377 1
1389 1471 1
1389 1609 1
1389 1796 1
1389 2010 1
1394 1589 1
1395 1780 1
1395 2777 1
1397 1864 1
1397 2407 1
1398 2085 1
1400 1753 1
1401 1840 1
1403 1444 1
1403 1775 1
1403 2796 1
1404 1461 1
1404 2808 1
1406 1516 1
1406 2278 1
1406 2307 1
1406 2358 1
1406 2678 1
1408 2026 1
1408 2256 1
1408 2493 1
1411 2938 1
1412 2869 1
1414 1474 1
1414 2308 1
1419 1567 1
1420 1458 1
1421 1555 1
1423 2106 1
1425 1734 1
1426 1538 1
1427 1782 1
1428 2768 1
1429 1603 1
1430 1443 1
1430 2076 1
1433 1866 1
1435 2222 1
1438 2111 1
1438 2699 1
1439 1569 1
1439 1719 1
1439 1878 1
1441 2117 1
1444 1711 1
1445 2450 1
1448 1640 1
1452 1877 1
1453 1553 1
1453 2635 1
1457 2412 1
1457 2877 1
1458 1606 1
1458 1700 1
1459 1721 1
1459 1837 1
1459 1967 1
1460 1494 1
1461 1893 1
1462 1467 1
1462 2355 1
1464 2096 1
1464 2918 1
1465 2575 1
1467 1561 1
1469 2493 1
1471 2368 1
1472 2075 1
1472 2621 1
1473 2059 1
1478 2867 1
1479 1817 1
1480 2139 1
1480 2503 1
1481 1602 1
1481 2867 1
1482 1801 1
1482 2627 1
1486 2043 1
1486 2650 1
1486 2713 1
1489 1771 1
1490 2895 1
1495 2584 1
1497 1867 1
1497 2089 1
1499 1739 1
1499 1788 1
1499 1820 1
1499 2841 1
1500 2719 1
1501 2839 1
1503 1738 1
1504 2314 1
1511 2216 1
1513 1698 1
1514 1956 1
1517 1938 1
1519 1610 1
1519 1704 1
1519 1875 1
1519 1916 1
1519 2984 1
1521 1874 1
1521 2742 1
1522 2151 1
1523 1678 1
1527 2842 1
1528 2194 1
1528 2219 1
1532 1583 1
1534 1825 1
1534 1969 1
1534 2205 1
1534 2922 1
1535 2242 1
1538 1733 1
1538 1885 1
1538 1932 1
1538 2454 1
1538 2514 1
1538 2838 1
1539 2315 1
1540 2126 1
1541 1690 1
1543 1626 1
1545 2635 1
1547 2781 1
1549 1772 1
1552 1685 1
1552 2097 1
1552 2952 1
1553 2391 1
1560 2321 1
1561 1672 1
1563 2880 1
1564 2699 1
1565 2469 1
1565 2988 1
1569 2059 1
1571 1679 1
1571 2056 1
1571 2134 1
1571 2186 1
1577 1731 1
1578 2436 1
1580 1842 1
1580 1994 1
1581 2681 1
1582 1888 1
1582 2361 1
1583 2114 1
1583 2511 1
1583 2886 1
1584 1589 1
1586 1901 1
1588 2161 1
1589 2435 1
1592 2176 1
1592 2627 1
1593 2062 1
1593 2072 1
1593 2497 1
1595 2467 1
1596 2736 1
1596 2996 1
1599 2911 1
1601 1676 1
1602 1885 1
1604 2551 1
1606 1881 1
1606 2100 1
1609 1937 1
1609 2272 1
1610 2608 1
1615 2825 1
1619 2949 1
1621 2762 1
1622 2893 1
1628 1828 1
1628 2019 1
1628 2077 1
1628 2217 1
1628 2508 1
1628 2920 1
1629 2240 1
1630 2176 1
1630 2720 1
1630 2811 1
1632 1671 1
1632 1743 1
1632 2438 1
1632 2819 1
1633 2728 1
1634 2860 1
1643 2733 1
1643 2843 1
1644 2359 1
1647 1914 1
1652 1706 1
1653 1789 1
1653 2189 1
1653 2292 1
1653 2588 1
1653 2929 1
1654 2391 1
1655 1890 1
1656 1999 1
1657 1859 1
1657 2771 1
1659 2037 1
1659 2536 1
1660 2887 1
1663 2666 1
1663 2762 1
1663 2796 1
1665 1696 1
1667 2030 1
1668 1793 1
1668 2948 1
1670 2203 1
1670 2774 1
1672 2534 1
1675 1694 1
1676 2706 1
1677 2713 1
1682 2011 1
1685 2043 1
1685 2673 1
1687 2371 1
1689 2024 1
1689 2870 1
1690 2053 1
1691 2399 1
1693 2441 1
1694 1921 1
1695 2721 1
1698 2116 1
1698 2159 1
1698 2897 1
1699 1722 1
1700 2181 1
1700 2423 1
1700 2924 1
1701 2037 1
1703 2021 1
1706 1981 1
1706 2431 1
1706 2498 1
1712 2452 1
1714 2004 1
1716 1757 1
1717 2162 1
1717 2437 1
1718 2328 1
1719 2842 1
1721 2115 1
1721 2180 1
1726 2325 1
1729 2854 1
1730 2885 1
1734 1965 1
1734 2054 1
1734 2654 1
1736 1867 1
1737 1738 1
1737 1821 1
1737 2036 1
1737 2337 1
1737 2718 1
1738 2235 1
1740 2524 1
1741 1956 1
1745 1978 1
1745 2691 1
1745 2701 1
1745 2814 1
1745 2826 1
1745 2829 1
1747 2351 1
1748 1751 1
1748 1997 1
1761 1907 1
1761 2289 1
1762 1898 1
1764 1784 1
1765 1837 1
1769 2129 1
1775 2379 1
1775 2430 1
1776 1930 1
1776 2270 1
1776 2444 1
1776 2536 1
1784 2927 1
1785 2526 1
1791 1886 1
1793 1794 1
1795 2356 1
1795 2546 1
1795 2816 1
1796 1822 1
1796 2393 1
1797 2114 1
1797 2367 1
1798 2974 1
1799 1952 1
1804 2644 1
1812 2933 1
1816 2781 1
1817 2199 1
1817 2474 1
1822 2320 1
1828 2153 1
1830 2617 1
1833 2879 1
1840 1965 1
1842 2670 1
1845 1889 1
1845 2865 1
1848 2580 1
1850 2535 1
1854 2284 1
1856 2036 1
1856 2409 1
1856 2464 1
1857 2440 1
1857 2965 1
1865 2771 1
1865 2810 1
1871 2404 1
1872 2213 1
1872 2360 1
1872 2931 1
1872 2950 1
1873 2346 1
1874 1915 1
1875 2827 1
1878 1919 1
1879 2178 1
1881 2030 1
1883 2528 1
1887 1911 1
1889 1964 1
1889 2654 1
1889 2656 1
1890 2993 1
1895 2041 1
1898 2591 1
1899 1979 1
1902 2269 1
1902 2430 1
1902 2882 1
1904 2347 1
1907 2155 1
1912 1947 1
1914 2238 1
1916 2920 1
1924 2939 1
1926 2628 1
1928 2986 1
1931 2148 1
1932 2039 1
1933 2671 1
1933 2838 1
1934 2738 1
1936 2607 1
1936 2926 1
1939 2995 1
1940 2187 1
1940 2408 1
1940 2521 1
1940 2688 1
1942 2146 1
1944 2231 1
1946 2221 1
1947 2162 1
1950 1953 1
1950 2919 1
1951 2258 1
1951 2734 1
1952 2013 1
1952 2817 1
1953 2163 1
1954 2798 1
1954 2864 1
1960 2082 1
1961 2362 1
1966 2119 1
1966 2666 1
1966 2955 1
1967 2060 1
1968 2590 1
1968 2882 1
1970 2451 1
1971 2338 1
1975 2672 1
1975 2931 1
1976 2380 1
1977 2642 1
1977 2698 1
1978 1994 1
1981 2370 1
1983 2782 1
1991 2186 1
1996 2516 1
1997 2593 1
1998 2094 1
1998 2574 1
1999 2879 1
2010 2307 1
2011 2079 1
2013 2138 1
2016 2197 1
2016 2386 1
2016 2602 1
2017 2941 1
2019 2416 1
2019 2816 1
2020 2811 1
2022 2116 1
2024 2977 1
2026 2342 1
2027 2749 1
2033 2385 1
2041 2331 1
2044 2395 1
2045 2840 1
2046 2803 1
2052 2273 1
2055 2611 1
2058 2643 1
2059 2166 1
2059 2614 1
2060 2061 1
2060 2824 1
2062 2543 1
2063 2776 1
2064 2300 1
2064 2690 1
2066 2448 1
2067 2436 1
2068 2684 1
2069 2313 1
2071 2217 1
2073 2384 1
2076 2774 1
2078 2208 1
2080 2259 1
2086 2515 1
2093 2612 1
2093 2878 1
2095 2468 1
2096 2818 1
2098 2343 1
2102 2662 1
2102 2694 1
2107 2481 1
2107 2519 1
2108 2616 1
2109 2515 1
2110 2646 1
2113 2206 1
2115 2754 1
2118 2204 1
2118 2792 1
2119 2166 1
2120 2856 1
2121 2249 1
2123 2764 1
2125 2828 1
2131 2178 1
2131 2295 1
2131 2710 1
2135 2239 1
2136 2896 1
2136 3000 1
2137 2994 1
2138 2631 1
2145 2333 1
2145 2378 1
2146 2937 1
2149 2305 1
2152 2375 1
2160 2916 1
2175 2505 1
2179 2689 1
2181 2959 1
2189 2453 1
2192 2257 1
2193 2539 1
2194 2940 1
2198 2717 1
2202 2499 1
2205 2525 1
2206 2521 1
2211 2693 1
2211 2923 1
2213 2606 1
2215 2512 1
2217 2823 1
2219 2463 1
2220 2813 1
2227 2985 1
2232 2633 1
2241 2476 1
2244 2322 1
2245 2559 1
2246 2443 1
2249 2836 1
2249 2921 1
2257 2390 1
2257 2451 1
2262 2593 1
2264 2471 1
2275 2725 1
2276 2555 1
2277 2849 1
2282 2484 1
2286 2722 1
2288 2532 1
2289 2382 1
2301 2466 1
2305 2859 1
2309 2782 1
2311 2667 1
2315 2718 1
2319 2583 1
2320 2619 1
2322 2619 1
2324 2583 1
2326 2568 1
2328 2859 1
2348 2492 1
2348 2557 1
2352 2800 1
2357 2772 1
2357 2780 1
2361 2846 1
2361 2874 1
2362 2700 1
2364 2375 1
2365 2873 1
2372 2433 1
2382 2832 1
2389 2675 1
2390 2767 1
2395 2582 1
2399 2431 1
2400 2716 1
2401 2541 1
2403 2763 1
2406 2785 1
2414 2424 1
2415 2700 1
2416 2426 1
2419 2603 1
2422 2655 1
2446 2558 1
2447 2490 1
2450 2925 1
2453 2705 1
2457 2667 1
2458 2753 1
2459 2688 1
2461 2739 1
2468 2650 1
2474 2692 1
2477 2642 1
2482 2892 1
2486 2770 1
2487 2595 1
2497 2743 1
2512 2834 1
2514 2956 1
2516 2881 1
2517 2745 1
2522 2755 1
2527 2581 1
2529 2565 1
2534 2909 1
2535 2540 1
2536 2807 1
2536 2957 1
2540 2577 1
2553 2966 1
2555 2676 1
2569 2598 1
2569 2788 1
2581 2661 1
2582 2864 1
2587 2926 1
2588 2885 1
2607 2736 1
2611 2963 1
2614 2668 1
2622 2929 1
2623 2928 1
2625 2748 1
2626 2884 1
2638 2647 1
2648 2951 1
2661 2875 1
2664 2874 1
2671 2715 1
2677 2891 1
2685 2758 1
2690 2745 1
2693 2751 1
2714 2900 1
2720 2918 1
2730 2994 1
2745 2761 1
2775 2789 1
2786 2872 1
2786 2966 1
2812 2847 1
2857 2981 1
2985 2999 1
