3000 8991
1 2 1
1 3 1
1 4 1
1 5 1
1 6 1
1 7 1
1 8 1
1 11 1
1 14 1
1 19 1
1 22 1
1 26 1
1 42 1
1 44 1
1 50 1
1 54 1
1 55 1
1 63 1
1 68 1
1 69 1
1 75 1
1 95 1
1 96 1
1 104 1
1 121 1
1 138 1
1 156 1
1 166 1
1 171 1
1 181 1
1 188 1
1 201 1
1 214 1
1 230 1
1 385 1
1 458 1
1 471 1
1 483 1
1 620 1
1 669 1
1 681 1
1 685 1
1 688 1
1 823 1
1 831 1
1 856 1
1 872 1
1 904 1
1 910 1
1 933 1
1 952 1
1 995 1
1 1001 1
1 1048 1
1 1236 1
1 1262 1
1 1604 1
1 1694 1
1 1739 1
1 1764 1
1 1859 1
1 1877 1
1 1931 1
1 1956 1
1 1960 1
1 1969 1
1 2015 1
1 2021 1
1 2037 1
1 2152 1
1 2171 1
1 2250 1
1 2333 1
1 2598 1
1 2662 1
1 2685 1
2 6 1
2 9 1
2 13 1
2 32 1
2 33 1
2 44 1
2 48 1
2 52 1
2 70 1
2 71 1
2 95 1
2 124 1
2 130 1
2 175 1
2 214 1
2 256 1
2 280 1
2 306 1
2 392 1
2 414 1
2 456 1
2 537 1
2 573 1
2 733 1
2 790 1
2 843 1
2 862 1
2 932 1
2 953 1
2 972 1
2 1032 1
2 1172 1
2 1189 1
2 1366 1
2 1387 1
2 1417 1
2 1493 1
2 1586 1
2 1622 1
2 1766 1
2 1854 1
2 1987 1
2 1999 1
2 2084 1
2 2135 1
2 2437 1
2 2450 1
2 2546 1
2 2604 1
2 2836 1
2 2870 1
2 2966 1
3 5 1
3 7 1
3 356 1
3 1535 1
3 1798 1
3 1841 1
4 5 1
4 14 1
4 15 1
4 19 1
4 20 1
4 28 1
4 30 1
4 35 1
4 37 1
4 45 1
4 47 1
4 51 1
4 66 1
4 76 1
4 79 1
4 82 1
4 87 1
4 97 1
4 113 1
4 120 1
4 139 1
4 160 1
4 235 1
4 242 1
4 265 1
4 275 1
4 295 1
4 319 1
4 349 1
4 365 1
4 370 1
4 398 1
4 412 1
4 423 1
4 425 1
4 427 1
4 433 1
4 457 1
4 486 1
4 523 1
4 593 1
4 638 1
4 650 1
4 666 1
4 706 1
4 715 1
4 795 1
4 884 1
4 928 1
4 954 1
4 1050 1
4 1076 1
4 1176 1
4 1187 1
4 1241 1
4 1251 1
4 1350 1
4 1354 1
4 1409 1
4 1428 1
4 1491 1
4 1534 1
4 1636 1
4 1673 1
4 1698 1
4 1767 1
4 1871 1
4 1875 1
4 2008 1
4 2264 1
4 2313 1
4 2360 1
4 2467 1
4 2524 1
4 2583 1
4 2645 1
4 2685 1
4 2856 1
4 2857 1
4 2952 1
4 2981 1
5 6 1
5 10 1
5 11 1
5 12 1
5 13 1
5 17 1
5 21 1
5 22 1
5 26 1
5 30 1
5 31 1
5 35 1
5 38 1
5 39 1
5 53 1
5 56 1
5 57 1
5 59 1
5 63 1
5 68 1
5 70 1
5 73 1
5 75 1
5 79 1
5 85 1
5 86 1
5 94 1
5 112 1
5 114 1
5 123 1
5 126 1
5 129 1
5 131 1
5 134 1
5 136 1
5 193 1
5 195 1
5 198 1
5 217 1
5 222 1
5 223 1
5 225 1
5 254 1
5 259 1
5 271 1
5 290 1
5 301 1
5 304 1
5 318 1
5 342 1
5 343 1
5 351 1
5 359 1
5 372 1
5 394 1
5 415 1
5 431 1
5 455 1
5 457 1
5 493 1
5 512 1
5 535 1
5 541 1
5 543 1
5 549 1
5 554 1
5 609 1
5 626 1
5 628 1
5 643 1
5 645 1
5 694 1
5 758 1
5 759 1
5 765 1
5 766 1
5 767 1
5 769 1
5 774 1
5 782 1
5 810 1
5 845 1
5 862 1
5 920 1
5 934 1
5 936 1
5 945 1
5 965 1
5 983 1
5 985 1
5 1007 1
5 1023 1
5 1084 1
5 1088 1
5 1110 1
5 1112 1
5 1138 1
5 1140 1
5 1157 1
5 1165 1
5 1174 1
5 1235 1
5 1291 1
5 1304 1
5 1305 1
5 1310 1
5 1311 1
5 1316 1
5 1317 1
5 1343 1
5 1353 1
5 1363 1
5 1365 1
5 1379 1
5 1389 1
5 1391 1
5 1396 1
5 1431 1
5 1454 1
5 1466 1
5 1468 1
5 1486 1
5 1509 1
5 1517 1
5 1518 1
5 1543 1
5 1551 1
5 1555 1
5 1557 1
5 1564 1
5 1571 1
5 1582 1
5 1611 1
5 1639 1
5 1640 1
5 1658 1
5 1659 1
5 1713 1
5 1738 1
5 1762 1
5 1783 1
5 1792 1
5 1808 1
5 1813 1
5 1849 1
5 1867 1
5 1871 1
5 1876 1
5 1882 1
5 1938 1
5 1949 1
5 1963 1
5 1984 1
5 1995 1
5 2031 1
5 2035 1
5 2064 1
5 2084 1
5 2088 1
5 2107 1
5 2119 1
5 2139 1
5 2205 1
5 2228 1
5 2242 1
5 2259 1
5 2279 1
5 2304 1
5 2320 1
5 2339 1
5 2369 1
5 2381 1
5 2446 1
5 2486 1
5 2491 1
5 2497 1
5 2502 1
5 2593 1
5 2594 1
5 2603 1
5 2615 1
5 2696 1
5 2719 1
5 2760 1
5 2762 1
5 2783 1
5 2795 1
5 2825 1
5 2848 1
5 2870 1
5 2886 1
5 2967 1
5 2972 1
6 7 1
6 8 1
6 9 1
6 10 1
6 12 1
6 16 1
6 17 1
6 18 1
6 19 1
6 21 1
6 24 1
6 25 1
6 32 1
6 34 1
6 39 1
6 45 1
6 57 1
6 72 1
6 73 1
6 80 1
6 81 1
6 84 1
6 86 1
6 87 1
6 92 1
6 105 1
6 106 1
6 145 1
6 146 1
6 152 1
6 160 1
6 187 1
6 191 1
6 192 1
6 211 1
6 247 1
6 251 1
6 260 1
6 265 1
6 268 1
6 269 1
6 282 1
6 297 1
6 311 1
6 332 1
6 344 1
6 365 1
6 374 1
6 378 1
6 411 1
6 438 1
6 443 1
6 453 1
6 468 1
6 505 1
6 525 1
6 528 1
6 530 1
6 539 1
6 610 1
6 661 1
6 665 1
6 685 1
6 716 1
6 717 1
6 746 1
6 752 1
6 753 1
6 760 1
6 805 1
6 818 1
6 819 1
6 832 1
6 884 1
6 901 1
6 944 1
6 945 1
6 979 1
6 982 1
6 1018 1
6 1047 1
6 1081 1
6 1085 1
6 1093 1
6 1103 1
6 1160 1
6 1254 1
6 1255 1
6 1281 1
6 1282 1
6 1283 1
6 1306 1
6 1318 1
6 1375 1
6 1410 1
6 1411 1
6 1420 1
6 1449 1
6 1461 1
6 1475 1
6 1535 1
6 1573 1
6 1577 1
6 1607 1
6 1642 1
6 1645 1
6 1651 1
6 1659 1
6 1660 1
6 1689 1
6 1726 1
6 1745 1
6 1821 1
6 1846 1
6 2019 1
6 2056 1
6 2063 1
6 2100 1
6 2278 1
6 2307 1
6 2342 1
6 2438 1
6 2622 1
6 2669 1
6 2691 1
6 2741 1
6 2816 1
6 2817 1
6 2863 1
6 2879 1
6 2880 1
6 2906 1
6 2912 1
6 2939 1
6 2958 1
7 8 1
7 9 1
7 12 1
7 13 1
7 14 1
7 25 1
7 27 1
7 29 1
7 40 1
7 41 1
7 44 1
7 46 1
7 47 1
7 52 1
7 58 1
7 65 1
7 67 1
7 77 1
7 78 1
7 84 1
7 92 1
7 94 1
7 100 1
7 108 1
7 115 1
7 119 1
7 120 1
7 135 1
7 140 1
7 144 1
7 170 1
7 179 1
7 189 1
7 192 1
7 193 1
7 200 1
7 201 1
7 250 1
7 264 1
7 282 1
7 291 1
7 306 1
7 315 1
7 316 1
7 318 1
7 325 1
7 335 1
7 345 1
7 347 1
7 363 1
7 368 1
7 384 1
7 388 1
7 403 1
7 408 1
7 419 1
7 425 1
7 435 1
7 447 1
7 461 1
7 462 1
7 490 1
7 492 1
7 525 1
7 554 1
7 576 1
7 600 1
7 644 1
7 655 1
7 666 1
7 673 1
7 735 1
7 791 1
7 796 1
7 798 1
7 811 1
7 833 1
7 889 1
7 890 1
7 952 1
7 955 1
7 979 1
7 986 1
7 990 1
7 991 1
7 1011 1
7 1109 1
7 1204 1
7 1246 1
7 1262 1
7 1273 1
7 1305 1
7 1336 1
7 1337 1
7 1403 1
7 1407 1
7 1429 1
7 1478 1
7 1506 1
7 1552 1
7 1562 1
7 1610 1
7 1630 1
7 1682 1
7 1720 1
7 1754 1
7 1774 1
7 1846 1
7 1868 1
7 1878 1
7 1892 1
7 1912 1
7 1935 1
7 1982 1
7 1984 1
7 1986 1
7 2021 1
7 2033 1
7 2101 1
7 2117 1
7 2176 1
7 2200 1
7 2203 1
7 2243 1
7 2245 1
7 2251 1
7 2257 1
7 2262 1
7 2273 1
7 2308 1
7 2371 1
7 2415 1
7 2425 1
7 2451 1
7 2500 1
7 2522 1
7 2526 1
7 2559 1
7 2586 1
7 2642 1
7 2653 1
7 2663 1
7 2717 1
7 2789 1
7 2877 1
7 2966 1
7 2981 1
7 2994 1
8 10 1
8 11 1
8 15 1
8 16 1
8 20 1
8 21 1
8 22 1
8 26 1
8 31 1
8 34 1
8 42 1
8 45 1
8 50 1
8 57 1
8 59 1
8 65 1
8 75 1
8 83 1
8 87 1
8 88 1
8 111 1
8 112 1
8 124 1
8 127 1
8 133 1
8 151 1
8 162 1
8 163 1
8 180 1
8 196 1
8 202 1
8 226 1
8 228 1
8 232 1
8 233 1
8 262 1
8 268 1
8 292 1
8 319 1
8 325 1
8 340 1
8 341 1
8 346 1
8 351 1
8 357 1
8 366 1
8 394 1
8 402 1
8 408 1
8 420 1
8 427 1
8 432 1
8 442 1
8 446 1
8 447 1
8 453 1
8 490 1
8 511 1
8 514 1
8 583 1
8 584 1
8 587 1
8 604 1
8 615 1
8 628 1
8 696 1
8 747 1
8 758 1
8 802 1
8 872 1
8 883 1
8 885 1
8 948 1
8 996 1
8 1009 1
8 1047 1
8 1066 1
8 1075 1
8 1115 1
8 1120 1
8 1128 1
8 1226 1
8 1250 1
8 1329 1
8 1335 1
8 1356 1
8 1363 1
8 1386 1
8 1403 1
8 1434 1
8 1458 1
8 1478 1
8 1482 1
8 1524 1
8 1525 1
8 1528 1
8 1550 1
8 1556 1
8 1563 1
8 1603 1
8 1620 1
8 1691 1
8 1702 1
8 1705 1
8 1768 1
8 1811 1
8 1852 1
8 1862 1
8 1916 1
8 1985 1
8 2013 1
8 2032 1
8 2044 1
8 2048 1
8 2059 1
8 2110 1
8 2156 1
8 2189 1
8 2248 1
8 2251 1
8 2357 1
8 2366 1
8 2400 1
8 2475 1
8 2577 1
8 2615 1
8 2668 1
8 2682 1
8 2702 1
8 2721 1
8 2726 1
8 2750 1
8 2776 1
8 2782 1
8 2823 1
8 2834 1
8 2891 1
8 2910 1
8 2975 1
8 2995 1
9 15 1
9 23 1
9 36 1
9 40 1
9 59 1
9 62 1
9 72 1
9 81 1
9 84 1
9 89 1
9 134 1
9 157 1
9 196 1
9 205 1
9 234 1
9 252 1
9 273 1
9 305 1
9 309 1
9 321 1
9 344 1
9 369 1
9 383 1
9 411 1
9 471 1
9 486 1
9 496 1
9 513 1
9 545 1
9 636 1
9 680 1
9 757 1
9 769 1
9 799 1
9 827 1
9 884 1
9 895 1
9 1089 1
9 1117 1
9 1146 1
9 1180 1
9 1183 1
9 1190 1
9 1212 1
9 1285 1
9 1319 1
9 1338 1
9 1342 1
9 1355 1
9 1362 1
9 1380 1
9 1386 1
9 1454 1
9 1504 1
9 1533 1
9 1601 1
9 1611 1
9 1692 1
9 1991 1
9 2022 1
9 2166 1
9 2176 1
9 2232 1
9 2242 1
9 2337 1
9 2351 1
9 2390 1
9 2453 1
9 2543 1
9 2628 1
9 2725 1
9 2791 1
9 2818 1
9 2830 1
9 2864 1
10 27 1
10 43 1
10 58 1
10 106 1
10 139 1
10 152 1
10 164 1
10 213 1
10 230 1
10 232 1
10 234 1
10 236 1
10 239 1
10 298 1
10 300 1
10 371 1
10 390 1
10 391 1
10 396 1
10 437 1
10 655 1
10 657 1
10 681 1
10 744 1
10 801 1
10 852 1
10 855 1
10 920 1
10 923 1
10 956 1
10 1014 1
10 1016 1
10 1125 1
10 1133 1
10 1168 1
10 1187 1
10 1286 1
10 1494 1
10 1546 1
10 1612 1
10 1916 1
10 1943 1
10 2001 1
10 2102 1
10 2349 1
10 2376 1
10 2658 1
10 2795 1
10 2831 1
10 2889 1
11 18 1
11 20 1
11 24 1
11 25 1
11 41 1
11 49 1
11 54 1
11 61 1
11 64 1
11 67 1
11 96 1
11 99 1
11 110 1
11 113 1
11 115 1
11 130 1
11 164 1
11 170 1
11 173 1
11 193 1
11 238 1
11 247 1
11 256 1
11 285 1
11 303 1
11 321 1
11 346 1
11 352 1
11 357 1
11 404 1
11 453 1
11 502 1
11 543 1
11 576 1
11 637 1
11 689 1
11 691 1
11 702 1
11 799 1
11 848 1
11 854 1
11 916 1
11 1232 1
11 1270 1
11 1295 1
11 1497 1
11 1684 1
11 1695 1
11 1718 1
11 1791 1
11 2061 1
11 2141 1
11 2174 1
11 2379 1
11 2409 1
11 2448 1
11 2663 1
11 2696 1
11 2704 1
11 3000 1
12 91 1
12 101 1
12 105 1
12 128 1
12 175 1
12 241 1
12 343 1
12 472 1
12 733 1
12 874 1
12 946 1
12 1301 1
12 1418 1
12 1642 1
12 1697 1
12 1753 1
12 2076 1
12 2196 1
12 2312 1
12 2963 1
13 16 1
13 23 1
13 30 1
13 47 1
13 48 1
13 51 1
13 52 1
13 56 1
13 69 1
13 98 1
13 99 1
13 100 1
13 102 1
13 129 1
13 137 1
13 144 1
13 149 1
13 151 1
13 155 1
13 175 1
13 204 1
13 207 1
13 219 1
13 260 1
13 263 1
13 267 1
13 268 1
13 278 1
13 293 1
13 327 1
13 345 1
13 426 1
13 452 1
13 465 1
13 494 1
13 495 1
13 517 1
13 546 1
13 569 1
13 591 1
13 656 1
13 665 1
13 678 1
13 694 1
13 701 1
13 712 1
13 725 1
13 727 1
13 762 1
13 835 1
13 836 1
13 875 1
13 876 1
13 959 1
13 966 1
13 986 1
13 1002 1
13 1101 1
13 1123 1
13 1193 1
13 1251 1
13 1267 1
13 1278 1
13 1337 1
13 1441 1
13 1567 1
13 1572 1
13 1614 1
13 1695 1
13 1746 1
13 1770 1
13 1808 1
13 1840 1
13 2035 1
13 2076 1
13 2091 1
13 2099 1
13 2109 1
13 2258 1
13 2263 1
13 2324 1
13 2525 1
13 2589 1
13 2599 1
13 2857 1
13 2960 1
13 2982 1
14 36 1
14 60 1
14 80 1
14 98 1
14 123 1
14 169 1
14 233 1
14 257 1
14 287 1
14 438 1
14 460 1
14 632 1
14 667 1
14 745 1
14 1003 1
14 1039 1
14 1293 1
14 1325 1
14 1333 1
14 1449 1
14 1517 1
14 1680 1
14 1766 1
14 1895 1
14 2416 1
14 2538 1
14 2792 1
15 17 1
15 18 1
15 28 1
15 31 1
15 33 1
15 49 1
15 60 1
15 88 1
15 104 1
15 116 1
15 150 1
15 158 1
15 220 1
15 224 1
15 248 1
15 269 1
15 332 1
15 498 1
15 605 1
15 861 1
15 1056 1
15 1202 1
15 1277 1
15 1350 1
15 1414 1
15 1424 1
15 1448 1
15 1472 1
15 1622 1
15 1686 1
15 1827 1
15 1836 1
15 1864 1
15 2010 1
15 2013 1
15 2109 1
15 2276 1
15 2296 1
15 2705 1
15 2824 1
16 90 1
16 114 1
16 115 1
16 135 1
16 178 1
16 184 1
16 527 1
16 535 1
16 656 1
16 831 1
16 969 1
16 1016 1
16 1164 1
16 1190 1
16 1193 1
16 1412 1
16 1525 1
16 1530 1
16 1750 1
16 1851 1
16 1955 1
16 2122 1
16 2343 1
16 2417 1
16 2842 1
16 2878 1
16 2931 1
17 23 1
17 29 1
17 49 1
17 54 1
17 62 1
17 67 1
17 103 1
17 107 1
17 117 1
17 122 1
17 127 1
17 136 1
17 164 1
17 233 1
17 340 1
17 353 1
17 503 1
17 562 1
17 605 1
17 617 1
17 647 1
17 676 1
17 759 1
17 839 1
17 973 1
17 992 1
17 1025 1
17 1044 1
17 1155 1
17 1220 1
17 1230 1
17 1292 1
17 1315 1
17 1326 1
17 1473 1
17 1531 1
17 1579 1
17 1640 1
17 1683 1
17 1707 1
17 1730 1
17 1831 1
17 1848 1
17 1870 1
17 1903 1
17 1905 1
17 1935 1
17 2092 1
17 2147 1
17 2209 1
17 2685 1
17 2804 1
18 410 1
18 450 1
18 750 1
18 1096 1
18 1243 1
18 1807 1
18 1910 1
18 2269 1
19 89 1
19 92 1
19 128 1
19 189 1
19 210 1
19 293 1
19 406 1
19 433 1
19 596 1
19 721 1
19 848 1
19 866 1
19 922 1
19 948 1
19 1166 1
19 1357 1
19 1590 1
19 1737 1
19 1863 1
19 1907 1
19 2027 1
19 2192 1
19 2212 1
19 2266 1
19 2316 1
19 2383 1
19 2477 1
19 2540 1
19 2563 1
19 2814 1
19 2847 1
19 2999 1
20 34 1
20 53 1
20 77 1
20 91 1
20 168 1
20 208 1
20 405 1
20 533 1
20 599 1
20 701 1
20 1009 1
20 1057 1
20 1261 1
20 1264 1
20 1275 1
20 1278 1
20 1577 1
20 1778 1
20 2092 1
20 2155 1
20 2319 1
20 2547 1
20 2580 1
20 2999 1
21 24 1
21 74 1
21 122 1
21 141 1
21 146 1
21 231 1
21 299 1
21 419 1
21 457 1
21 472 1
21 501 1
21 553 1
21 738 1
21 842 1
21 917 1
21 1052 1
21 1082 1
21 1207 1
21 1584 1
21 2005 1
21 2087 1
21 2271 1
21 2315 1
21 2417 1
21 2476 1
21 2800 1
21 2843 1
21 2873 1
21 2959 1
22 70 1
22 165 1
22 191 1
22 294 1
22 436 1
22 767 1
22 850 1
22 893 1
22 960 1
22 999 1
22 1197 1
22 1232 1
22 1913 1
22 2587 1
22 2708 1
22 2833 1
23 28 1
23 32 1
23 35 1
23 46 1
23 69 1
23 72 1
23 93 1
23 94 1
23 123 1
23 149 1
23 162 1
23 168 1
23 179 1
23 231 1
23 285 1
23 324 1
23 334 1
23 336 1
23 360 1
23 362 1
23 393 1
23 394 1
23 399 1
23 503 1
23 574 1
23 614 1
23 627 1
23 705 1
23 748 1
23 771 1
23 817 1
23 858 1
23 890 1
23 1000 1
23 1042 1
23 1088 1
23 1090 1
23 1164 1
23 1176 1
23 1274 1
23 1321 1
23 1344 1
23 1490 1
23 1496 1
23 1544 1
23 1550 1
23 1575 1
23 1629 1
23 1758 1
23 1809 1
23 1818 1
23 1881 1
23 1882 1
23 1929 1
23 1941 1
23 1966 1
23 2101 1
23 2189 1
23 2218 1
23 2222 1
23 2308 1
23 2520 1
23 2641 1
23 2668 1
24 58 1
24 77 1
24 138 1
24 150 1
24 222 1
24 312 1
24 313 1
24 508 1
24 572 1
24 601 1
24 708 1
24 922 1
24 964 1
24 1233 1
24 1282 1
24 1299 1
24 1390 1
24 1391 1
24 1551 1
24 1584 1
24 1771 1
24 1773 1
24 1860 1
24 2006 1
24 2022 1
24 2028 1
24 2056 1
24 2200 1
24 2689 1
24 2692 1
24 2915 1
25 40 1
25 138 1
25 209 1
25 2053 1
26 27 1
26 37 1
26 46 1
26 48 1
26 61 1
26 66 1
26 83 1
26 85 1
26 105 1
26 116 1
26 122 1
26 225 1
26 264 1
26 290 1
26 322 1
26 355 1
26 380 1
26 416 1
26 721 1
26 746 1
26 789 1
26 813 1
26 899 1
26 954 1
26 997 1
26 1038 1
26 1116 1
26 1130 1
26 1140 1
26 1178 1
26 1231 1
26 1248 1
26 1302 1
26 1476 1
26 1491 1
26 1580 1
26 1889 1
26 1963 1
26 1974 1
26 2033 1
26 2104 1
26 2130 1
26 2146 1
26 2158 1
26 2190 1
26 2249 1
26 2470 1
26 2536 1
26 2541 1
26 2555 1
26 2628 1
26 2699 1
27 29 1
27 37 1
27 74 1
27 89 1
27 137 1
27 148 1
27 176 1
27 249 1
27 302 1
27 342 1
27 352 1
27 381 1
27 409 1
27 464 1
27 515 1
27 542 1
27 548 1
27 552 1
27 590 1
27 622 1
27 780 1
27 1070 1
27 1087 1
27 1185 1
27 1212 1
27 1318 1
27 1432 1
27 1477 1
27 1481 1
27 1588 1
27 1630 1
27 1893 1
27 2047 1
27 2156 1
27 2298 1
27 2494 1
27 2624 1
27 2632 1
27 2675 1
27 2746 1
27 2747 1
27 2871 1
27 2874 1
28 38 1
28 39 1
28 81 1
28 190 1
28 289 1
28 296 1
28 389 1
28 421 1
28 492 1
28 538 1
28 816 1
28 1615 1
28 1738 1
28 1818 1
28 1964 1
28 2054 1
28 2411 1
28 2699 1
28 2849 1
29 243 1
29 318 1
29 496 1
29 567 1
29 612 1
29 687 1
29 796 1
29 828 1
29 867 1
29 902 1
29 946 1
29 1000 1
29 1063 1
29 1252 1
29 1298 1
29 1523 1
29 1617 1
29 1701 1
29 1763 1
29 1773 1
29 2086 1
29 2528 1
30 43 1
30 64 1
30 71 1
30 102 1
30 118 1
30 124 1
30 142 1
30 148 1
30 415 1
30 580 1
30 591 1
30 608 1
30 668 1
30 893 1
30 1053 1
30 1678 1
30 1832 1
30 1858 1
30 1864 1
30 1904 1
30 1983 1
30 1986 1
30 2079 1
30 2220 1
30 2235 1
30 2361 1
30 2435 1
30 2616 1
30 2938 1
31 33 1
31 55 1
31 132 1
31 144 1
31 206 1
31 207 1
31 229 1
31 258 1
31 266 1
31 308 1
31 316 1
31 317 1
31 424 1
31 487 1
31 555 1
31 784 1
31 830 1
31 1080 1
31 1270 1
31 1284 1
31 1451 1
31 1516 1
31 1655 1
31 1796 1
31 1924 1
31 1952 1
31 2118 1
31 2244 1
31 2298 1
31 2346 1
31 2495 1
31 2505 1
31 2738 1
31 2774 1
31 2779 1
31 2917 1
31 2978 1
32 68 1
32 85 1
32 101 1
32 185 1
32 223 1
32 224 1
32 235 1
32 272 1
32 481 1
32 534 1
32 575 1
32 1013 1
32 1102 1
32 1745 1
32 1960 1
32 2547 1
32 2554 1
32 2621 1
32 2667 1
32 2741 1
33 259 1
33 379 1
33 466 1
33 618 1
33 677 1
33 697 1
33 871 1
33 915 1
33 955 1
33 1131 1
33 1357 1
33 1521 1
33 1631 1
33 2133 1
33 2654 1
33 2964 1
34 56 1
34 146 1
34 154 1
34 208 1
34 235 1
34 298 1
34 307 1
34 340 1
34 386 1
34 435 1
34 436 1
34 547 1
34 563 1
34 686 1
34 941 1
34 1057 1
34 1073 1
34 1165 1
34 1224 1
34 1226 1
34 1257 1
34 1268 1
34 1311 1
34 1369 1
34 1504 1
34 1545 1
34 1618 1
34 1826 1
34 2014 1
34 2161 1
34 2166 1
34 2275 1
34 2314 1
34 2406 1
34 2555 1
34 2621 1
34 2638 1
34 2679 1
34 2929 1
35 36 1
35 38 1
35 41 1
35 53 1
35 64 1
35 65 1
35 103 1
35 137 1
35 140 1
35 142 1
35 153 1
35 187 1
35 194 1
35 196 1
35 215 1
35 220 1
35 254 1
35 274 1
35 275 1
35 321 1
35 326 1
35 354 1
35 388 1
35 396 1
35 498 1
35 533 1
35 542 1
35 590 1
35 624 1
35 680 1
35 764 1
35 768 1
35 825 1
35 912 1
35 919 1
35 1050 1
35 1072 1
35 1074 1
35 1084 1
35 1122 1
35 1211 1
35 1221 1
35 1274 1
35 1405 1
35 1479 1
35 1592 1
35 1677 1
35 1860 1
35 1883 1
35 1889 1
35 1892 1
35 1971 1
35 2061 1
35 2309 1
35 2328 1
35 2464 1
35 2548 1
35 2590 1
35 2763 1
35 2792 1
35 2870 1
36 157 1
36 364 1
36 661 1
36 1302 1
36 1390 1
36 1473 1
36 2080 1
36 2556 1
37 43 1
37 314 1
37 329 1
37 515 1
37 878 1
37 1064 1
37 1080 1
37 1309 1
37 1391 1
37 1455 1
37 1586 1
37 1708 1
37 1822 1
37 2409 1
37 2641 1
38 79 1
38 109 1
38 126 1
38 132 1
38 245 1
38 322 1
38 450 1
38 615 1
38 1006 1
38 1266 1
38 1563 1
38 1639 1
38 1648 1
38 2049 1
38 2841 1
38 2970 1
39 125 1
39 140 1
39 461 1
39 513 1
39 586 1
39 631 1
39 633 1
39 728 1
39 962 1
39 1006 1
39 1201 1
39 1237 1
39 1289 1
39 1363 1
39 1409 1
39 1438 1
39 2034 1
39 2055 1
39 2094 1
39 2382 1
39 2731 1
39 2793 1
39 2931 1
40 42 1
40 80 1
40 240 1
40 565 1
40 803 1
40 1037 1
40 1216 1
40 1532 1
40 1686 1
40 2862 1
40 2869 1
41 153 1
41 818 1
41 1591 1
41 2144 1
42 50 1
42 66 1
42 156 1
42 200 1
42 224 1
42 301 1
42 390 1
42 397 1
42 411 1
42 536 1
42 568 1
42 673 1
42 745 1
42 926 1
42 932 1
42 944 1
42 1177 1
42 1484 1
42 1564 1
42 1899 1
42 2295 1
42 2375 1
42 2422 1
42 2445 1
42 2513 1
42 2551 1
43 82 1
43 111 1
43 176 1
43 343 1
43 412 1
43 478 1
43 586 1
43 710 1
43 985 1
43 1078 1
43 1082 1
43 1343 1
43 1625 1
43 1685 1
43 1777 1
43 1947 1
43 2170 1
43 2205 1
43 2313 1
43 2412 1
43 2618 1
43 2649 1
43 2670 1
44 60 1
44 110 1
44 157 1
44 240 1
44 283 1
44 488 1
44 514 1
44 584 1
44 646 1
44 679 1
44 861 1
44 1154 1
44 1632 1
44 1699 1
44 2213 1
44 2678 1
44 2863 1
45 55 1
45 111 1
45 117 1
45 468 1
45 1509 1
45 1845 1
45 2229 1
45 2373 1
45 2592 1
45 2888 1
46 51 1
46 90 1
46 127 1
46 128 1
46 141 1
46 166 1
46 177 1
46 178 1
46 190 1
46 291 1
46 300 1
46 337 1
46 381 1
46 401 1
46 484 1
46 531 1
46 638 1
46 660 1
46 664 1
46 687 1
46 708 1
46 777 1
46 1288 1
46 1452 1
46 1502 1
46 1596 1
46 1622 1
46 1667 1
46 1675 1
46 1791 1
46 1810 1
46 2294 1
46 2465 1
46 2560 1
46 2622 1
46 2657 1
46 2666 1
46 2679 1
46 2737 1
46 2900 1
46 2987 1
47 73 1
47 93 1
47 143 1
47 153 1
47 178 1
47 221 1
47 319 1
47 339 1
47 402 1
47 567 1
47 627 1
47 889 1
47 1321 1
47 1499 1
47 1903 1
47 1939 1
47 2138 1
47 2417 1
47 2554 1
47 2997 1
48 109 1
48 131 1
48 163 1
48 378 1
48 385 1
48 440 1
48 472 1
48 474 1
48 532 1
48 588 1
48 718 1
48 723 1
48 904 1
48 978 1
48 1067 1
48 1074 1
48 1118 1
48 1162 1
48 1400 1
48 1461 1
48 1585 1
48 1654 1
48 1685 1
48 1721 1
48 1948 1
48 2085 1
48 2258 1
48 2471 1
48 2494 1
48 2627 1
49 88 1
49 150 1
49 197 1
49 373 1
49 485 1
49 584 1
49 892 1
49 958 1
49 1022 1
49 1101 1
49 1670 1
49 1701 1
49 1948 1
49 2428 1
49 2774 1
49 2837 1
49 2902 1
50 61 1
50 74 1
50 390 1
50 452 1
50 562 1
50 635 1
50 792 1
50 870 1
50 877 1
50 898 1
50 1153 1
50 1399 1
50 1566 1
50 1648 1
50 1706 1
50 2162 1
50 2750 1
51 158 1
51 159 1
51 227 1
51 370 1
51 391 1
51 418 1
51 424 1
51 441 1
51 507 1
51 512 1
51 709 1
51 888 1
51 930 1
51 2018 1
51 2207 1
51 2561 1
51 2570 1
51 2580 1
51 2628 1
51 2769 1
51 2995 1
52 76 1
52 97 1
52 117 1
52 121 1
52 129 1
52 227 1
52 278 1
52 331 1
52 414 1
52 542 1
52 609 1
52 901 1
52 1027 1
52 1201 1
52 1533 1
52 1602 1
52 1613 1
52 1768 1
52 1813 1
52 1985 1
52 2451 1
52 2458 1
52 2640 1
52 2756 1
52 2951 1
53 693 1
53 829 1
53 924 1
53 957 1
53 1492 1
54 98 1
54 133 1
54 304 1
54 330 1
54 562 1
54 566 1
54 828 1
54 1289 1
54 1347 1
54 1397 1
54 1736 1
54 1781 1
54 1980 1
54 2990 1
55 62 1
55 119 1
55 228 1
55 304 1
55 387 1
55 454 1
55 489 1
55 599 1
55 672 1
55 1091 1
55 1152 1
55 1542 1
55 2002 1
55 2271 1
56 139 1
56 243 1
56 267 1
56 608 1
56 1488 1
56 1981 1
56 2029 1
56 2279 1
56 2297 1
56 2800 1
57 71 1
57 100 1
57 108 1
57 109 1
57 112 1
57 113 1
57 167 1
57 206 1
57 222 1
57 244 1
57 300 1
57 317 1
57 363 1
57 365 1
57 377 1
57 383 1
57 399 1
57 403 1
57 424 1
57 429 1
57 462 1
57 493 1
57 544 1
57 649 1
57 654 1
57 674 1
57 695 1
57 761 1
57 771 1
57 773 1
57 791 1
57 829 1
57 851 1
57 918 1
57 981 1
57 1018 1
57 1023 1
57 1069 1
57 1144 1
57 1164 1
57 1253 1
57 1264 1
57 1285 1
57 1380 1
57 1495 1
57 1548 1
57 1662 1
57 1790 1
57 1962 1
57 1977 1
57 1989 1
57 2013 1
57 2225 1
57 2264 1
57 2497 1
57 2502 1
57 2577 1
57 2585 1
57 2617 1
57 2748 1
57 2765 1
57 2817 1
57 2962 1
58 387 1
58 781 1
58 1418 1
58 1490 1
58 1920 1
59 83 1
59 240 1
59 275 1
59 387 1
59 431 1
59 436 1
59 474 1
59 508 1
59 515 1
59 548 1
59 592 1
59 611 1
59 646 1
59 754 1
59 931 1
59 1001 1
59 1507 1
59 1747 1
59 1825 1
59 1880 1
59 2361 1
59 2382 1
59 2732 1
59 2736 1
59 2815 1
59 2928 1
60 130 1
60 147 1
60 162 1
60 249 1
60 332 1
60 633 1
60 940 1
60 1126 1
60 1629 1
60 2341 1
60 2521 1
60 2700 1
60 2881 1
60 2884 1
61 185 1
61 198 1
61 278 1
61 334 1
61 469 1
61 513 1
61 579 1
61 597 1
61 705 1
61 1028 1
61 1149 1
61 1188 1
61 1249 1
61 1342 1
61 1937 1
61 2027 1
62 63 1
62 125 1
62 166 1
62 180 1
62 459 1
62 523 1
62 736 1
62 1243 1
62 1578 1
62 2168 1
62 2353 1
63 116 1
63 154 1
63 159 1
63 421 1
63 690 1
63 1312 1
63 1394 1
63 1503 1
63 1544 1
63 1954 1
63 2697 1
65 76 1
65 316 1
65 391 1
65 417 1
65 426 1
65 569 1
65 575 1
65 663 1
65 749 1
65 772 1
65 781 1
65 873 1
65 932 1
65 993 1
65 1047 1
65 1069 1
65 1102 1
65 1432 1
65 2535 1
65 2539 1
65 2823 1
65 2963 1
66 299 1
66 448 1
66 508 1
66 640 1
66 734 1
66 1172 1
66 1275 1
66 1288 1
66 1411 1
66 1416 1
66 1473 1
66 2724 1
67 364 1
67 486 1
67 602 1
67 659 1
67 809 1
67 975 1
67 1150 1
67 1379 1
67 1905 1
67 2092 1
67 2614 1
67 2660 1
67 2971 1
68 95 1
68 482 1
68 588 1
68 1687 1
68 1723 1
68 1777 1
68 2162 1
68 2480 1
68 2560 1
68 2982 1
69 168 1
69 283 1
69 487 1
69 670 1
69 924 1
69 1007 1
69 1159 1
69 1271 1
69 1368 1
69 1983 1
69 2626 1
70 78 1
70 96 1
70 165 1
70 281 1
70 444 1
70 445 1
70 552 1
70 579 1
70 602 1
70 931 1
70 1145 1
70 1242 1
70 1261 1
70 1342 1
70 1773 1
70 1788 1
70 2568 1
70 2573 1
70 2810 1
70 2994 1
71 110 1
71 188 1
71 241 1
71 243 1
71 328 1
71 339 1
71 440 1
71 444 1
71 477 1
71 502 1
71 648 1
71 662 1
71 1034 1
71 1188 1
71 1256 1
71 1284 1
71 1344 1
71 1430 1
71 1881 1
71 2360 1
71 2496 1
71 2693 1
71 2724 1
71 2743 1
71 2901 1
71 2919 1
72 78 1
72 104 1
72 167 1
72 171 1
72 237 1
72 274 1
72 298 1
72 362 1
72 382 1
72 392 1
72 452 1
72 464 1
72 572 1
72 721 1
72 775 1
72 802 1
72 839 1
72 859 1
72 906 1
72 963 1
72 996 1
72 1607 1
72 1946 1
72 2186 1
72 2236 1
72 2410 1
72 2553 1
72 2766 1
73 773 1
73 1201 1
73 1504 1
73 2315 1
73 2376 1
73 2886 1
74 211 1
74 239 1
74 315 1
74 336 1
74 493 1
74 577 1
74 683 1
74 764 1
74 902 1
74 964 1
74 1182 1
74 1274 1
74 1332 1
74 1556 1
74 1748 1
74 1799 1
74 2293 1
74 2367 1
74 2384 1
75 107 1
75 125 1
75 182 1
75 265 1
75 291 1
75 310 1
75 399 1
75 654 1
75 821 1
75 831 1
75 1286 1
75 1320 1
75 1352 1
75 1860 1
75 1940 1
75 2201 1
75 2404 1
75 2595 1
75 2977 1
76 133 1
76 184 1
76 407 1
76 995 1
76 1184 1
76 1227 1
76 1902 1
76 2143 1
76 2151 1
77 82 1
77 86 1
77 286 1
77 430 1
77 470 1
77 473 1
77 480 1
77 496 1
77 497 1
77 618 1
77 712 1
77 800 1
77 875 1
77 1018 1
77 1049 1
77 1058 1
77 1068 1
77 1171 1
77 1224 1
77 1226 1
77 1970 1
77 2093 1
77 2456 1
77 2579 1
78 118 1
78 194 1
78 217 1
78 307 1
78 326 1
78 482 1
78 483 1
78 620 1
78 710 1
78 1203 1
78 1221 1
78 1240 1
78 1256 1
78 1388 1
78 1485 1
78 1486 1
78 1511 1
78 1596 1
78 1635 1
78 1692 1
78 1707 1
78 1834 1
78 1859 1
78 2149 1
78 2375 1
78 2388 1
78 2475 1
78 2507 1
79 91 1
79 238 1
79 274 1
79 410 1
79 520 1
79 545 1
79 578 1
79 659 1
79 664 1
79 737 1
79 807 1
79 867 1
79 1130 1
79 1153 1
79 1267 1
79 1440 1
79 1465 1
79 1553 1
79 1807 1
79 1910 1
79 2550 1
79 2593 1
79 2840 1
80 188 1
80 206 1
80 231 1
80 329 1
80 546 1
80 969 1
80 1557 1
80 1861 1
80 1869 1
80 1870 1
80 2535 1
80 2919 1
81 97 1
81 136 1
81 218 1
81 244 1
81 290 1
81 439 1
81 462 1
81 519 1
81 548 1
81 565 1
81 777 1
81 879 1
81 1552 1
81 1922 1
81 2043 1
81 2990 1
82 90 1
82 154 1
82 204 1
82 207 1
82 229 1
82 282 1
82 333 1
82 352 1
82 395 1
82 423 1
82 473 1
82 489 1
82 539 1
82 549 1
82 588 1
82 622 1
82 639 1
82 688 1
82 795 1
82 870 1
82 909 1
82 910 1
82 913 1
82 959 1
82 1177 1
82 1191 1
82 1223 1
82 1235 1
82 1244 1
82 1289 1
82 1325 1
82 1368 1
82 1402 1
82 1484 1
82 1522 1
82 1582 1
82 1643 1
82 1828 1
82 1905 1
82 2081 1
82 2105 1
82 2117 1
82 2122 1
82 2440 1
82 2476 1
82 2591 1
82 2819 1
83 325 1
83 434 1
83 2262 1
83 2322 1
84 826 1
84 1147 1
84 1444 1
84 1663 1
84 2195 1
84 2681 1
85 203 1
85 317 1
85 366 1
85 509 1
85 528 1
85 750 1
85 933 1
85 942 1
85 1015 1
85 1111 1
85 1210 1
85 1253 1
85 1280 1
85 1299 1
85 1310 1
85 1522 1
85 1674 1
85 1780 1
85 1844 1
85 1928 1
85 2218 1
85 2385 1
85 2726 1
86 93 1
86 108 1
86 245 1
86 253 1
86 312 1
86 362 1
86 480 1
86 484 1
86 491 1
86 694 1
86 809 1
86 949 1
86 950 1
86 1234 1
86 1620 1
86 1704 1
86 1868 1
86 1900 1
86 2404 1
86 2405 1
86 2701 1
86 2924 1
87 189 1
87 259 1
87 1108 1
87 1146 1
87 1174 1
87 1361 1
87 1410 1
87 1693 1
87 1874 1
87 2015 1
87 2345 1
87 2875 1
87 2991 1
88 306 1
88 516 1
88 850 1
88 1422 1
89 101 1
89 281 1
89 297 1
89 451 1
89 536 1
89 669 1
89 761 1
89 1368 1
89 2325 1
89 2578 1
90 103 1
90 160 1
90 461 1
90 1025 1
90 1683 1
90 1990 1
90 2008 1
90 2049 1
90 2746 1
91 2721 1
92 171 1
92 226 1
92 251 1
92 287 1
92 371 1
92 440 1
92 456 1
92 488 1
92 643 1
92 724 1
92 757 1
92 836 1
92 953 1
92 1028 1
92 1362 1
92 1580 1
92 1709 1
92 1744 1
92 1752 1
92 1885 1
92 1906 1
92 2081 1
92 2174 1
92 2277 1
92 2434 1
92 2813 1
93 417 1
93 458 1
93 491 1
93 730 1
93 742 1
93 1041 1
93 1413 1
93 1779 1
93 2230 1
93 2357 1
93 2546 1
93 2584 1
94 102 1
94 169 1
94 203 1
94 212 1
94 262 1
94 322 1
94 331 1
94 384 1
94 1840 1
94 1875 1
94 2139 1
95 114 1
95 161 1
95 172 1
95 258 1
95 413 1
95 531 1
95 710 1
95 717 1
95 734 1
95 891 1
95 907 1
95 1072 1
95 1073 1
95 1178 1
95 1202 1
95 1502 1
95 1838 1
95 1930 1
95 1997 1
95 2517 1
95 2777 1
95 2853 1
95 2863 1
96 99 1
96 118 1
96 174 1
96 186 1
96 205 1
96 266 1
96 338 1
96 372 1
96 418 1
96 422 1
96 434 1
96 437 1
96 517 1
96 571 1
96 610 1
96 652 1
96 749 1
96 751 1
96 789 1
96 854 1
96 947 1
96 1033 1
96 1059 1
96 1114 1
96 1648 1
96 1882 1
96 1976 1
96 2112 1
96 2116 1
96 2162 1
96 2449 1
96 2560 1
96 2572 1
96 2578 1
96 2836 1
97 203 1
97 293 1
97 526 1
97 603 1
97 607 1
97 650 1
97 1384 1
97 1665 1
97 1784 1
97 2558 1
97 2590 1
98 121 1
98 126 1
98 173 1
98 202 1
98 228 1
98 540 1
98 580 1
98 653 1
98 827 1
98 918 1
98 1065 1
98 1152 1
98 1203 1
98 1370 1
98 1396 1
98 1446 1
98 2050 1
98 2084 1
98 2579 1
98 2775 1
98 2850 1
99 134 1
99 142 1
99 145 1
99 149 1
99 194 1
99 328 1
99 843 1
99 853 1
99 972 1
99 1006 1
99 1041 1
99 1138 1
99 1909 1
99 1947 1
99 2361 1
99 2429 1
99 2450 1
99 2480 1
99 2534 1
99 2643 1
99 2832 1
99 2921 1
99 2983 1
100 186 1
100 221 1
100 289 1
100 292 1
100 323 1
100 360 1
100 507 1
100 593 1
100 845 1
100 921 1
100 933 1
100 1179 1
100 1194 1
100 1206 1
100 1225 1
100 1227 1
100 1239 1
100 1317 1
100 2069 1
100 2123 1
100 2124 1
100 2206 1
100 2429 1
100 2908 1
101 182 1
101 204 1
101 400 1
101 506 1
101 571 1
101 759 1
101 1169 1
101 1537 1
101 1561 1
101 1603 1
101 1689 1
101 1896 1
101 2286 1
101 2443 1
101 2941 1
102 106 1
102 335 1
102 369 1
102 455 1
102 707 1
102 837 1
102 923 1
102 1296 1
102 1357 1
102 1540 1
102 2737 1
103 107 1
103 167 1
103 294 1
103 552 1
103 623 1
103 650 1
103 692 1
103 750 1
103 775 1
103 835 1
103 873 1
103 969 1
103 1231 1
103 1557 1
103 1613 1
103 1621 1
103 1688 1
103 2017 1
103 2358 1
103 2478 1
103 2481 1
103 2639 1
103 2733 1
104 179 1
104 422 1
104 454 1
104 551 1
104 639 1
104 643 1
104 703 1
104 732 1
104 743 1
104 936 1
104 1044 1
104 1229 1
104 1288 1
104 1302 1
104 1305 1
104 1390 1
104 2207 1
104 2636 1
105 165 1
105 215 1
105 309 1
105 976 1
105 1326 1
105 2948 1
106 177 1
106 181 1
106 246 1
106 576 1
106 592 1
106 679 1
106 729 1
106 820 1
106 892 1
106 1167 1
106 1631 1
106 2290 1
106 2678 1
106 2858 1
106 2950 1
106 2967 1
107 182 1
107 255 1
107 305 1
107 337 1
107 380 1
107 479 1
107 626 1
107 652 1
107 888 1
107 908 1
107 987 1
107 1389 1
107 1406 1
107 1669 1
107 2083 1
107 2291 1
107 2561 1
107 2927 1
108 276 1
108 281 1
108 333 1
108 367 1
108 481 1
108 714 1
108 825 1
108 1887 1
108 2805 1
109 143 1
109 177 1
109 187 1
109 495 1
109 607 1
109 611 1
109 620 1
109 835 1
109 865 1
109 1148 1
109 1259 1
109 1404 1
109 1463 1
109 1879 1
109 1899 1
109 2305 1
109 2419 1
109 2553 1
109 2706 1
109 2877 1
110 860 1
110 1795 1
111 283 1
111 403 1
111 700 1
111 741 1
111 814 1
111 915 1
111 962 1
111 1241 1
111 1496 1
111 1560 1
111 1569 1
111 1749 1
111 2025 1
111 2312 1
111 2699 1
111 2855 1
111 2928 1
112 131 1
112 1179 1
112 1675 1
112 1755 1
112 1965 1
112 2168 1
112 2224 1
112 2253 1
112 2966 1
113 183 1
113 288 1
113 351 1
113 603 1
113 880 1
113 894 1
113 940 1
113 2706 1
113 2860 1
114 264 1
114 284 1
114 378 1
114 429 1
114 475 1
114 490 1
114 615 1
114 619 1
114 630 1
114 651 1
114 663 1
114 746 1
114 812 1
114 865 1
114 916 1
114 1179 1
114 1319 1
114 1492 1
114 1536 1
114 1589 1
114 1657 1
114 1690 1
114 1784 1
114 1944 1
114 1956 1
114 1959 1
114 2164 1
114 2252 1
114 2399 1
114 2664 1
114 2771 1
114 2916 1
115 119 1
115 226 1
115 227 1
115 255 1
115 859 1
115 943 1
115 1213 1
115 1856 1
115 1961 1
115 2983 1
116 156 1
116 176 1
116 199 1
116 210 1
116 279 1
116 355 1
116 356 1
116 636 1
116 690 1
116 699 1
116 838 1
116 841 1
116 852 1
116 970 1
116 1116 1
116 1181 1
116 1238 1
116 1492 1
116 1731 1
116 2302 1
116 2419 1
116 2543 1
116 2649 1
116 2903 1
117 120 1
117 141 1
117 266 1
117 299 1
117 393 1
117 822 1
117 960 1
117 1208 1
117 1215 1
117 1498 1
117 1548 1
117 1682 1
117 1964 1
117 2256 1
117 2381 1
117 2956 1
118 205 1
118 219 1
118 263 1
118 287 1
118 288 1
118 289 1
118 327 1
118 344 1
118 359 1
118 366 1
118 388 1
118 476 1
118 547 1
118 549 1
118 719 1
118 740 1
118 800 1
118 808 1
118 866 1
118 899 1
118 922 1
118 1264 1
118 1280 1
118 1335 1
118 1355 1
118 1405 1
118 1417 1
118 1499 1
118 1558 1
118 1571 1
118 1598 1
118 1634 1
118 1709 1
118 1918 1
118 1965 1
118 2011 1
118 2072 1
118 2086 1
119 161 1
119 1010 1
119 1097 1
119 1272 1
119 1316 1
119 1323 1
119 1477 1
119 2227 1
120 1450 1
120 1753 1
120 2630 1
121 135 1
121 191 1
121 200 1
121 580 1
121 606 1
121 730 1
121 753 1
121 782 1
121 1249 1
121 1292 1
121 1381 1
121 1775 1
121 2246 1
121 2469 1
121 2649 1
121 2694 1
122 248 1
122 460 1
122 532 1
122 1132 1
122 1337 1
122 1537 1
122 1800 1
122 2154 1
123 151 1
123 347 1
123 398 1
123 419 1
123 519 1
123 530 1
123 629 1
123 723 1
123 774 1
123 861 1
123 1119 1
123 1132 1
123 1680 1
123 1757 1
123 1817 1
123 1865 1
123 1868 1
123 1877 1
123 2033 1
123 2046 1
123 2254 1
123 2904 1
124 170 1
124 451 1
124 556 1
124 617 1
124 2211 1
124 2720 1
125 1195 1
125 1438 1
126 173 1
126 398 1
126 765 1
126 1107 1
126 1643 1
126 1850 1
126 2138 1
126 2799 1
126 2962 1
127 252 1
127 348 1
127 505 1
127 579 1
127 1604 1
127 1772 1
127 1890 1
127 2772 1
128 1000 1
128 1186 1
128 1290 1
128 1340 1
128 1395 1
128 1538 1
128 1693 1
129 147 1
129 174 1
129 215 1
129 238 1
129 277 1
129 597 1
129 1360 1
129 1442 1
129 1585 1
129 1782 1
129 1987 1
129 2363 1
130 132 1
130 174 1
130 242 1
130 295 1
130 358 1
130 469 1
130 1619 1
130 1755 1
130 1812 1
131 143 1
131 209 1
131 671 1
131 743 1
131 967 1
131 1115 1
131 1348 1
131 2898 1
132 377 1
132 574 1
132 610 1
132 625 1
132 657 1
132 704 1
132 713 1
132 855 1
132 935 1
132 990 1
132 1115 1
132 1189 1
132 1443 1
132 1841 1
132 2554 1
132 2676 1
132 2755 1
132 2869 1
133 213 1
133 310 1
133 414 1
133 447 1
133 559 1
133 622 1
133 655 1
133 1186 1
133 2348 1
133 2623 1
134 208 1
134 393 1
134 1548 1
134 1594 1
134 1724 1
135 159 1
135 190 1
135 216 1
135 221 1
135 379 1
135 518 1
135 802 1
135 958 1
135 1034 1
135 1111 1
135 1328 1
135 1369 1
135 1406 1
135 1501 1
135 1549 1
135 1657 1
135 1793 1
135 2352 1
135 2519 1
135 2828 1
135 2903 1
136 212 1
136 219 1
136 1240 1
136 1547 1
136 1623 1
136 1979 1
137 147 1
137 212 1
137 251 1
137 314 1
137 330 1
137 463 1
137 541 1
137 603 1
137 935 1
137 1132 1
137 1520 1
137 2274 1
137 2279 1
137 2333 1
137 2530 1
138 553 1
138 894 1
138 930 1
138 1056 1
138 1238 1
138 1464 1
138 2120 1
138 2231 1
138 2338 1
138 2346 1
138 2761 1
139 155 1
139 199 1
139 311 1
139 406 1
139 432 1
139 561 1
139 797 1
139 1173 1
139 1200 1
139 1427 1
139 1456 1
139 1487 1
139 1982 1
139 2024 1
139 2131 1
139 2307 1
139 2321 1
139 2708 1
139 2976 1
140 145 1
140 148 1
140 302 1
140 526 1
140 821 1
140 878 1
140 1128 1
140 1329 1
140 1568 1
140 2025 1
140 2287 1
140 2295 1
140 2505 1
141 172 1
141 891 1
141 1441 1
141 2113 1
141 2383 1
142 181 1
142 270 1
142 360 1
142 1087 1
142 1111 1
142 1392 1
142 1663 1
142 1744 1
142 2381 1
142 2630 1
143 525 1
143 1002 1
143 1128 1
143 1196 1
143 1815 1
143 1967 1
143 2732 1
144 1196 1
144 2505 1
145 209 1
145 211 1
145 1308 1
146 1064 1
146 1506 1
146 2077 1
147 161 1
147 180 1
147 229 1
147 2508 1
148 448 1
148 756 1
148 1056 1
148 1641 1
148 1838 1
148 2065 1
148 2132 1
148 2157 1
148 2689 1
148 2887 1
149 199 1
149 412 1
149 1793 1
149 1904 1
149 2111 1
149 2294 1
150 152 1
150 183 1
150 479 1
150 509 1
150 770 1
150 833 1
150 1517 1
150 1650 1
150 1733 1
150 1940 1
150 2384 1
150 2528 1
150 2714 1
150 2723 1
150 2824 1
150 2906 1
150 2911 1
150 2921 1
151 158 1
151 252 1
151 583 1
151 735 1
151 916 1
151 945 1
151 1520 1
151 1883 1
151 1902 1
151 2108 1
151 2695 1
152 155 1
152 218 1
152 254 1
152 255 1
152 257 1
152 634 1
152 1328 1
152 1429 1
152 1612 1
152 1715 1
152 1802 1
152 2142 1
152 2235 1
152 2392 1
152 2973 1
153 163 1
153 210 1
153 335 1
153 342 1
153 381 1
153 413 1
153 454 1
153 524 1
153 790 1
153 819 1
153 847 1
153 905 1
153 1008 1
153 1092 1
153 1324 1
153 1498 1
153 1533 1
153 1618 1
153 1821 1
153 1916 1
153 2188 1
153 2796 1
153 2964 1
153 2993 1
154 184 1
154 524 1
154 868 1
154 1031 1
154 1178 1
154 1207 1
154 2581 1
154 2609 1
154 2665 1
155 641 1
156 273 1
156 426 1
156 730 1
156 885 1
156 1083 1
156 1251 1
156 1383 1
156 1481 1
156 1778 1
156 2104 1
156 2125 1
156 2258 1
156 2330 1
157 169 1
157 201 1
157 260 1
157 261 1
157 286 1
157 310 1
157 320 1
157 331 1
157 357 1
157 463 1
157 614 1
157 726 1
157 786 1
157 837 1
157 1057 1
157 1136 1
157 1139 1
157 1202 1
157 1223 1
157 1361 1
157 1518 1
157 1549 1
157 2145 1
157 2360 1
157 2589 1
157 2807 1
157 2920 1
158 280 1
158 324 1
158 607 1
158 625 1
158 654 1
158 716 1
158 1123 1
158 1266 1
158 1641 1
158 2063 1
159 197 1
159 480 1
159 521 1
159 1066 1
159 1090 1
159 1094 1
159 1124 1
159 2065 1
159 2621 1
159 2703 1
159 2789 1
159 2941 1
160 253 1
160 1834 1
161 172 1
161 225 1
161 250 1
161 330 1
161 459 1
161 739 1
161 1209 1
161 1984 1
161 2851 1
161 2900 1
162 183 1
162 195 1
162 197 1
162 237 1
162 247 1
162 257 1
162 261 1
162 400 1
162 598 1
162 865 1
162 942 1
162 947 1
162 984 1
162 1208 1
162 1474 1
162 1563 1
162 1919 1
162 2295 1
162 2339 1
162 2494 1
162 2521 1
162 2607 1
162 2837 1
162 2871 1
162 2929 1
163 220 1
163 336 1
163 430 1
163 522 1
163 623 1
163 653 1
163 868 1
163 975 1
163 1100 1
163 1250 1
163 1380 1
163 1928 1
163 2106 1
163 2300 1
163 2388 1
163 2575 1
163 2865 1
164 230 1
164 645 1
164 718 1
164 1099 1
164 1872 1
165 185 1
165 236 1
165 277 1
165 408 1
165 460 1
165 672 1
165 720 1
165 881 1
165 1720 1
165 2121 1
165 2859 1
165 2957 1
166 214 1
166 272 1
166 662 1
166 1043 1
166 1394 1
166 1468 1
166 2356 1
166 2722 1
167 1335 1
167 1911 1
167 1922 1
167 2016 1
167 2071 1
167 2404 1
167 2437 1
167 2924 1
168 681 1
168 698 1
168 1192 1
168 1266 1
168 1331 1
168 1366 1
168 1615 1
168 1686 1
168 1911 1
168 2127 1
168 2321 1
168 2457 1
169 218 1
169 726 1
169 882 1
169 905 1
169 1349 1
169 1876 1
169 2057 1
169 2103 1
169 2777 1
170 217 1
170 270 1
170 396 1
170 409 1
170 1372 1
170 1443 1
170 2292 1
170 2399 1
171 273 1
171 296 1
171 302 1
171 858 1
171 1183 1
171 2048 1
171 2116 1
171 2434 1
171 2488 1
171 2503 1
172 192 1
172 263 1
172 339 1
172 2032 1
173 695 1
173 737 1
173 1175 1
174 338 1
174 373 1
174 405 1
174 632 1
174 742 1
174 1378 1
174 2189 1
175 1751 1
176 250 1
176 700 1
176 1389 1
176 1585 1
176 1660 1
176 1696 1
176 1732 1
176 2039 1
176 2272 1
176 2658 1
176 2908 1
176 2920 1
176 2979 1
177 883 1
178 553 1
178 656 1
178 1829 1
178 2038 1
178 2646 1
179 186 1
179 777 1
179 1359 1
179 2046 1
180 195 1
180 896 1
181 202 1
181 1697 1
182 428 1
182 755 1
182 823 1
182 1214 1
182 1261 1
182 1684 1
182 1908 1
182 1942 1
182 2751 1
184 386 1
184 427 1
184 691 1
184 1003 1
184 1246 1
184 2216 1
184 2336 1
184 2716 1
185 248 1
185 880 1
185 1199 1
185 1676 1
185 1700 1
185 1926 1
185 2158 1
185 2203 1
185 2805 1
186 284 1
186 502 1
186 770 1
186 1098 1
186 1453 1
186 1602 1
186 1977 1
186 2238 1
187 216 1
187 256 1
187 286 1
187 346 1
187 741 1
187 1329 1
187 1717 1
187 1901 1
187 2740 1
188 877 1
188 1022 1
188 2288 1
189 329 1
189 463 1
189 516 1
189 1026 1
189 1327 1
189 1616 1
189 2555 1
190 367 1
190 503 1
190 779 1
190 840 1
190 1319 1
190 1499 1
190 1976 1
191 279 1
191 473 1
191 564 1
191 714 1
191 823 1
191 864 1
191 946 1
191 1789 1
192 277 1
192 294 1
192 353 1
192 371 1
192 544 1
192 598 1
192 800 1
192 1382 1
192 1775 1
192 2291 1
192 2647 1
192 2942 1
193 267 1
193 270 1
193 348 1
193 727 1
193 1014 1
193 1610 1
193 2582 1
193 2661 1
193 2749 1
193 2837 1
194 198 1
194 313 1
194 442 1
194 449 1
194 784 1
194 1089 1
194 1153 1
194 1211 1
194 1349 1
194 1721 1
194 1816 1
194 1877 1
194 1900 1
194 2239 1
194 2482 1
195 844 1
195 1108 1
196 223 1
196 237 1
196 605 1
196 1991 1
197 590 1
197 1210 1
197 1263 1
197 1471 1
197 2054 1
197 2412 1
198 261 1
198 621 1
198 637 1
198 709 1
198 888 1
198 1296 1
198 1346 1
198 1927 1
198 1939 1
198 1992 1
198 2091 1
198 2377 1
198 2379 1
198 2392 1
198 2504 1
198 2867 1
199 297 1
199 323 1
199 520 1
199 568 1
199 651 1
199 821 1
199 899 1
199 2129 1
199 2331 1
199 2464 1
199 2710 1
200 213 1
200 242 1
200 303 1
200 353 1
200 361 1
200 660 1
200 672 1
200 712 1
200 718 1
200 740 1
200 779 1
200 832 1
200 980 1
200 1256 1
200 1505 1
200 1511 1
200 1687 1
200 2182 1
200 2197 1
200 2264 1
200 2473 1
200 2636 1
200 2720 1
200 2754 1
200 2800 1
200 2911 1
201 241 1
201 527 1
201 538 1
201 606 1
201 613 1
201 796 1
201 1061 1
201 1194 1
201 1443 1
201 1842 1
201 1853 1
201 2344 1
201 2732 1
202 276 1
202 668 1
203 813 1
203 1150 1
203 1303 1
203 1508 1
203 1716 1
203 1792 1
203 1943 1
203 2268 1
204 312 1
204 820 1
204 898 1
204 1045 1
204 1802 1
204 2713 1
205 409 1
205 410 1
205 596 1
205 608 1
205 794 1
205 1206 1
205 1670 1
205 2267 1
206 320 1
206 1340 1
206 1419 1
206 1571 1
207 288 1
207 373 1
207 389 1
207 451 1
207 555 1
207 559 1
207 671 1
207 686 1
207 866 1
207 907 1
207 1290 1
207 1719 1
207 2094 1
207 2241 1
208 246 1
208 863 1
208 1277 1
208 1421 1
208 1565 1
208 1588 1
208 1661 1
208 2833 1
209 216 1
209 234 1
209 363 1
209 467 1
209 526 1
209 589 1
209 601 1
209 611 1
209 626 1
209 661 1
209 1063 1
209 1242 1
209 1300 1
209 1735 1
209 2521 1
210 239 1
210 308 1
210 320 1
210 564 1
210 797 1
210 1205 1
210 1312 1
210 1372 1
210 1765 1
210 1772 1
210 2572 1
211 435 1
211 1867 1
212 738 1
212 1119 1
212 1239 1
212 1735 1
212 1975 1
213 2509 1
214 415 1
214 504 1
214 523 1
214 604 1
214 682 1
214 744 1
214 751 1
214 794 1
214 997 1
214 999 1
214 1014 1
214 1169 1
214 1725 1
214 1766 1
214 2098 1
214 2372 1
214 2826 1
215 313 1
215 545 1
215 566 1
215 594 1
215 887 1
215 1205 1
215 2079 1
215 2242 1
215 2869 1
216 511 1
216 1760 1
216 2062 1
216 2423 1
217 315 1
217 536 1
217 1451 1
217 2487 1
218 303 1
218 354 1
218 361 1
218 815 1
218 849 1
218 928 1
218 1269 1
218 1719 1
218 1825 1
218 2016 1
219 561 1
219 751 1
219 824 1
219 1005 1
219 1175 1
219 1446 1
219 1546 1
219 1628 1
219 1644 1
219 2087 1
219 2095 1
219 2989 1
220 253 1
220 417 1
220 477 1
220 2248 1
220 2270 1
221 295 1
221 483 1
221 647 1
221 762 1
221 1187 1
222 1077 1
222 1831 1
222 1937 1
222 2484 1
222 2739 1
222 2798 1
223 377 1
223 471 1
223 804 1
223 810 1
223 1355 1
223 2611 1
223 2725 1
224 355 1
224 561 1
224 906 1
224 939 1
224 994 1
224 1523 1
224 2402 1
225 232 1
225 262 1
225 475 1
225 540 1
225 785 1
225 837 1
225 981 1
225 2880 1
227 432 1
227 528 1
227 984 1
227 1255 1
227 1433 1
227 1733 1
227 2683 1
227 2727 1
227 2915 1
228 738 1
228 864 1
228 908 1
228 1320 1
228 1682 1
228 2787 1
228 2913 1
229 249 1
229 327 1
229 727 1
229 1182 1
229 1309 1
229 1321 1
229 1332 1
229 2193 1
230 276 1
230 375 1
230 382 1
230 676 1
230 684 1
230 690 1
230 743 1
230 762 1
230 1137 1
230 1651 1
230 2128 1
231 350 1
231 450 1
231 494 1
231 566 1
231 592 1
231 675 1
231 704 1
231 770 1
231 1004 1
231 1107 1
231 1114 1
231 1242 1
231 1258 1
231 1269 1
231 1911 1
232 236 1
232 649 1
232 1709 1
232 1805 1
233 612 1
233 941 1
233 1120 1
233 1142 1
233 1353 1
233 1470 1
233 1507 1
233 1549 1
233 1596 1
233 1749 1
233 2289 1
233 2775 1
233 2795 1
234 585 1
234 636 1
234 910 1
234 1061 1
234 1671 1
234 2146 1
234 2175 1
234 2544 1
234 2822 1
234 2965 1
235 504 1
235 546 1
235 830 1
235 1012 1
235 2619 1
236 510 1
236 713 1
236 783 1
236 793 1
236 1892 1
236 2250 1
236 2282 1
236 2300 1
236 2827 1
237 246 1
237 744 1
237 943 1
237 970 1
237 1408 1
238 324 1
238 563 1
238 2846 1
239 244 1
239 271 1
239 285 1
239 375 1
239 397 1
239 404 1
239 489 1
239 520 1
239 674 1
239 722 1
239 1031 1
239 1086 1
239 1095 1
239 1230 1
239 1263 1
239 1367 1
239 1528 1
239 1600 1
239 1704 1
239 1830 1
239 1938 1
239 2165 1
239 2406 1
239 2565 1
239 2680 1
239 2893 1
240 1106 1
241 245 1
241 350 1
241 570 1
241 725 1
241 860 1
241 973 1
241 1453 1
241 1929 1
241 2362 1
241 2763 1
241 2773 1
242 337 1
242 389 1
242 550 1
242 594 1
242 642 1
242 696 1
242 1076 1
242 1081 1
242 1689 1
242 1995 1
242 2304 1
242 2711 1
242 2799 1
242 2805 1
242 2898 1
242 2930 1
243 280 1
243 323 1
243 505 1
243 550 1
243 714 1
243 840 1
243 1177 1
243 1253 1
243 1268 1
243 1322 1
243 1373 1
243 1422 1
243 2179 1
243 2341 1
244 413 1
244 670 1
244 685 1
244 788 1
244 1017 1
244 1478 1
244 1829 1
244 2299 1
245 292 1
245 533 1
245 1010 1
245 2489 1
245 2739 1
246 272 1
246 741 1
246 1029 1
246 1420 1
246 1554 1
246 1717 1
246 2228 1
246 2884 1
247 680 1
247 830 1
247 881 1
247 988 1
247 1470 1
247 1512 1
247 1669 1
247 2445 1
248 395 1
248 446 1
248 458 1
248 537 1
248 956 1
248 958 1
248 978 1
248 1243 1
248 1287 1
248 1928 1
248 1957 1
248 2131 1
249 269 1
249 877 1
249 1036 1
249 1452 1
249 1565 1
249 2116 1
249 2939 1
250 358 1
250 1485 1
250 2046 1
250 2238 1
251 444 1
251 569 1
251 604 1
251 2610 1
252 619 1
252 688 1
252 1436 1
252 1827 1
253 258 1
253 420 1
253 425 1
253 764 1
253 838 1
253 1004 1
253 1100 1
253 1298 1
253 1421 1
253 1724 1
253 2015 1
253 2286 1
253 2462 1
253 2909 1
254 341 1
254 445 1
254 497 1
254 557 1
254 2096 1
254 2364 1
254 2968 1
255 428 1
255 568 1
255 1080 1
255 1171 1
255 1291 1
255 2222 1
255 2327 1
256 314 1
256 354 1
256 428 1
256 442 1
256 448 1
256 464 1
256 478 1
256 499 1
256 511 1
256 639 1
256 647 1
256 723 1
256 850 1
256 1385 1
256 1440 1
256 1445 1
256 1476 1
256 1527 1
256 1714 1
256 1726 1
256 2020 1
256 2306 1
256 2350 1
256 2492 1
256 2683 1
257 284 1
257 429 1
257 993 1
257 1104 1
257 1308 1
257 1574 1
257 1691 1
257 1811 1
257 1866 1
257 2394 1
258 279 1
258 583 1
258 679 1
258 885 1
258 1891 1
258 2877 1
259 334 1
259 395 1
259 484 1
259 646 1
259 756 1
259 1003 1
259 1369 1
259 1462 1
259 1907 1
259 2355 1
259 2453 1
259 2626 1
260 296 1
260 509 1
260 919 1
260 1998 1
260 2255 1
260 2801 1
261 376 1
261 1219 1
261 1961 1
261 2744 1
262 271 1
263 530 1
263 616 1
263 879 1
263 1477 1
263 2752 1
263 2939 1
264 307 1
264 629 1
264 693 1
264 1351 1
264 1938 1
264 2059 1
264 2267 1
264 2723 1
265 369 1
265 1144 1
265 1427 1
265 1998 1
266 407 1
266 805 1
266 935 1
266 1793 1
266 1912 1
266 2045 1
266 2152 1
267 380 1
267 589 1
267 645 1
267 840 1
267 930 1
267 1487 1
267 1993 1
268 309 1
268 1431 1
268 2978 1
269 773 1
269 977 1
269 980 1
269 1573 1
269 2395 1
269 2408 1
269 2541 1
269 2644 1
270 676 1
270 1021 1
270 1298 1
270 1510 1
270 1727 1
270 1731 1
270 1803 1
270 1953 1
270 2365 1
270 2427 1
270 2556 1
270 2950 1
271 595 1
271 936 1
271 2710 1
272 326 1
272 368 1
272 2829 1
273 308 1
273 524 1
273 883 1
273 1358 1
273 2049 1
273 2133 1
274 333 1
274 495 1
274 644 1
274 928 1
274 983 1
274 1352 1
274 1378 1
275 446 1
275 780 1
275 1228 1
275 2164 1
275 2753 1
275 2847 1
276 1035 1
276 1568 1
276 1901 1
276 2664 1
277 507 1
277 1293 1
277 1458 1
277 1823 1
277 2534 1
279 356 1
279 816 1
279 1397 1
279 1458 1
279 1553 1
280 305 1
280 539 1
280 624 1
280 834 1
280 1327 1
280 1376 1
280 1415 1
280 1424 1
280 1566 1
280 1678 1
280 1903 1
280 1973 1
280 1978 1
280 2126 1
280 2164 1
280 2591 1
280 2947 1
281 914 1
281 2320 1
281 2363 1
281 2875 1
281 2936 1
282 350 1
282 364 1
282 434 1
282 441 1
282 538 1
282 629 1
282 752 1
282 1021 1
282 1095 1
282 1322 1
282 1398 1
282 1465 1
282 1480 1
282 1482 1
282 1580 1
282 1838 1
282 2187 1
282 2372 1
282 2441 1
282 2508 1
282 2585 1
282 2927 1
283 385 1
283 1646 1
283 2374 1
284 301 1
284 1085 1
284 1218 1
284 1732 1
284 2007 1
285 1756 1
285 2364 1
285 2754 1
285 2761 1
286 518 1
286 979 1
286 1139 1
286 1626 1
286 1719 1
286 2562 1
287 367 1
287 418 1
287 482 1
287 1685 1
287 1941 1
287 2177 1
287 2557 1
287 2812 1
287 2876 1
288 2997 1
289 630 1
289 1419 1
289 1888 1
289 2236 1
289 2389 1
290 510 1
290 662 1
290 1134 1
290 2344 1
291 747 1
291 1979 1
292 491 1
292 659 1
292 974 1
292 1073 1
292 1136 1
292 1403 1
292 1770 1
292 2172 1
292 2311 1
292 2836 1
292 2901 1
292 2929 1
293 405 1
293 1698 1
294 1204 1
294 1639 1
294 1852 1
294 2232 1
294 2707 1
295 2200 1
295 2617 1
296 499 1
296 719 1
296 944 1
296 2853 1
297 311 1
297 345 1
297 477 1
297 479 1
297 529 1
297 573 1
297 628 1
297 766 1
297 807 1
297 1094 1
297 1338 1
297 1347 1
297 1658 1
297 1901 1
297 2120 1
298 487 1
298 581 1
298 1233 1
298 2161 1
298 2818 1
300 895 1
300 1207 1
300 2430 1
301 348 1
301 534 1
301 872 1
301 1303 1
301 1794 1
301 2119 1
302 581 1
302 618 1
302 640 1
302 734 1
302 929 1
302 948 1
302 1330 1
302 1471 1
302 2095 1
302 2226 1
302 2635 1
302 2983 1
303 581 1
303 635 1
303 1966 1
303 2452 1
304 383 1
304 416 1
304 627 1
304 748 1
304 1765 1
304 2435 1
304 2545 1
304 2709 1
304 2756 1
304 2802 1
305 347 1
305 359 1
305 404 1
305 518 1
305 563 1
305 732 1
305 854 1
305 900 1
305 1060 1
305 1198 1
305 1290 1
305 1387 1
305 1564 1
305 2044 1
305 2126 1
305 2590 1
305 2707 1
305 2713 1
306 392 1
306 443 1
306 470 1
306 925 1
306 1395 1
306 1432 1
306 2407 1
306 2472 1
306 2552 1
306 2569 1
306 2890 1
307 341 1
307 443 1
307 468 1
307 598 1
307 2145 1
307 2434 1
307 2730 1
308 374 1
308 817 1
308 1287 1
308 2513 1
310 638 1
310 752 1
310 1119 1
310 1281 1
310 2141 1
310 2204 1
310 2917 1
311 577 1
311 642 1
311 739 1
311 816 1
311 909 1
311 1426 1
311 1729 1
311 2690 1
311 2788 1
311 2827 1
312 465 1
312 567 1
312 911 1
312 1189 1
312 1545 1
312 1578 1
312 2070 1
312 2389 1
312 2880 1
313 438 1
313 476 1
313 481 1
313 510 1
313 931 1
313 1448 1
313 1474 1
313 1569 1
313 1676 1
313 2099 1
314 376 1
314 792 1
314 1575 1
314 2319 1
314 2826 1
315 368 1
315 384 1
315 406 1
315 501 1
315 543 1
315 699 1
315 780 1
315 1086 1
315 1272 1
315 1404 1
315 1804 1
315 2249 1
315 2647 1
315 2688 1
315 2885 1
316 467 1
316 521 1
316 1194 1
316 1714 1
316 2373 1
316 2715 1
316 2972 1
317 401 1
317 535 1
317 683 1
317 698 1
317 886 1
317 973 1
317 1221 1
317 1438 1
317 2001 1
317 2014 1
317 2066 1
317 2224 1
317 2557 1
317 2607 1
318 401 1
318 2194 1
319 571 1
319 640 1
319 869 1
319 947 1
319 998 1
319 1237 1
319 2237 1
320 433 1
320 557 1
320 967 1
320 978 1
320 987 1
320 1079 1
320 1211 1
320 2530 1
320 2650 1
320 2703 1
321 402 1
321 820 1
321 1294 1
321 1445 1
321 2489 1
321 2514 1
321 2616 1
322 328 1
322 1326 1
322 1341 1
322 1601 1
323 423 1
323 894 1
323 897 1
323 1185 1
323 1854 1
323 2833 1
323 2846 1
324 349 1
324 386 1
324 476 1
324 677 1
324 986 1
324 1733 1
324 1796 1
324 2078 1
324 2684 1
324 2787 1
325 338 1
325 430 1
325 441 1
325 560 1
325 617 1
325 846 1
325 893 1
325 1516 1
325 1809 1
325 2798 1
325 2992 1
326 379 1
326 652 1
326 849 1
326 1118 1
326 2259 1
326 2308 1
326 2630 1
326 2691 1
327 485 1
327 1134 1
327 1442 1
327 1934 1
327 1946 1
327 2329 1
327 2861 1
327 2917 1
328 575 1
328 664 1
329 1099 1
329 1248 1
329 1657 1
329 1931 1
329 2184 1
329 2396 1
330 469 1
330 819 1
330 925 1
330 988 1
330 1222 1
330 1257 1
330 1479 1
330 1483 1
330 2009 1
330 2061 1
330 2097 1
330 2155 1
330 2397 1
330 2550 1
330 2613 1
330 2629 1
331 2565 1
332 422 1
332 766 1
332 890 1
332 1552 1
332 1887 1
332 2008 1
332 2100 1
332 2815 1
332 2930 1
332 2938 1
333 407 1
333 1065 1
333 1394 1
333 1616 1
333 2653 1
333 2658 1
333 2730 1
333 2949 1
334 361 1
334 375 1
334 794 1
334 1032 1
334 1199 1
334 1325 1
334 2606 1
335 517 1
335 606 1
335 913 1
335 1252 1
335 1471 1
335 1971 1
335 2199 1
335 2701 1
335 2878 1
336 2564 1
337 1249 1
337 1275 1
337 2003 1
338 470 1
338 1300 1
338 2645 1
339 349 1
339 937 1
339 1946 1
339 2177 1
340 806 1
340 1019 1
340 1706 1
341 858 1
341 886 1
341 1130 1
341 1151 1
341 1166 1
341 1863 1
342 760 1
342 845 1
342 1050 1
342 1213 1
342 1282 1
342 1341 1
343 400 1
343 529 1
343 724 1
343 2190 1
343 2536 1
344 716 1
344 1149 1
344 1228 1
344 2943 1
345 532 1
345 1180 1
345 1227 1
346 382 1
346 421 1
346 644 1
346 1183 1
346 1212 1
346 2183 1
346 2463 1
347 465 1
347 1019 1
347 1168 1
347 2019 1
347 2776 1
348 961 1
348 1042 1
348 1410 1
348 1450 1
348 1802 1
348 2703 1
349 692 1
349 2510 1
350 370 1
350 372 1
350 420 1
350 582 1
350 609 1
350 675 1
350 1002 1
350 1015 1
350 1237 1
350 1273 1
350 1359 1
350 1561 1
350 1710 1
350 1800 1
350 2124 1
350 2226 1
350 2303 1
350 2673 1
351 1402 1
351 2409 1
353 519 1
353 557 1
353 1079 1
353 1886 1
354 1626 1
355 667 1
355 2955 1
357 358 1
357 1258 1
357 2302 1
358 2566 1
359 467 1
359 585 1
359 591 1
359 1797 1
360 582 1
360 874 1
360 1583 1
361 544 1
361 582 1
361 1081 1
361 1233 1
361 2631 1
361 2926 1
362 1131 1
363 522 1
363 555 1
363 2028 1
363 2185 1
363 2393 1
364 805 1
364 818 1
364 1102 1
364 1287 1
364 1538 1
364 1646 1
364 2118 1
365 1334 1
365 1579 1
365 2511 1
365 2862 1
366 397 1
366 792 1
366 1087 1
366 2465 1
367 531 1
367 775 1
367 2065 1
368 623 1
368 847 1
368 961 1
369 666 1
369 997 1
369 1124 1
369 1743 1
369 1804 1
369 1978 1
369 2198 1
369 2757 1
370 437 1
370 917 1
370 1154 1
370 1167 1
370 1260 1
370 1468 1
370 1729 1
370 1812 1
370 2104 1
370 2224 1
370 2463 1
371 374 1
371 975 1
371 1621 1
371 1776 1
371 2024 1
371 2426 1
372 439 1
372 456 1
372 595 1
372 906 1
372 1579 1
372 1668 1
372 1918 1
372 1951 1
372 2086 1
372 2734 1
374 376 1
374 817 1
374 989 1
374 1429 1
374 1671 1
374 1703 1
374 2326 1
374 2467 1
374 2718 1
375 445 1
376 686 1
376 836 1
376 971 1
376 1398 1
376 1969 1
376 2136 1
376 2602 1
376 2622 1
376 2723 1
376 2901 1
378 657 1
378 687 1
378 706 1
378 742 1
378 983 1
378 1374 1
378 1554 1
378 1645 1
378 1856 1
378 2178 1
378 2468 1
378 2478 1
378 2497 1
379 901 1
379 2211 1
380 1017 1
381 1572 1
381 2093 1
382 634 1
382 1037 1
382 1126 1
382 1148 1
382 1240 1
382 1401 1
382 1897 1
382 1970 1
382 2774 1
383 488 1
383 497 1
383 537 1
383 1158 1
383 1655 1
383 1794 1
383 2208 1
383 2261 1
383 2284 1
383 2459 1
383 2566 1
384 589 1
384 715 1
384 806 1
384 1012 1
384 1068 1
384 2449 1
385 597 1
385 776 1
385 1016 1
385 1633 1
386 499 1
386 976 1
386 1033 1
386 1874 1
387 1141 1
387 1614 1
387 1742 1
388 558 1
389 2151 1
389 2659 1
389 2778 1
390 506 1
390 695 1
390 1395 1
390 1712 1
390 2209 1
390 2377 1
390 2637 1
391 740 1
391 880 1
391 943 1
391 1377 1
391 1469 1
391 2368 1
391 2484 1
391 2634 1
392 833 1
392 1711 1
393 670 1
393 720 1
393 826 1
393 905 1
393 952 1
393 1785 1
393 1886 1
393 1889 1
393 2023 1
393 2126 1
393 2578 1
393 2604 1
393 2928 1
394 693 1
394 2674 1
395 498 1
395 711 1
395 737 1
395 876 1
395 1049 1
395 1088 1
395 1940 1
396 667 1
396 810 1
396 814 1
396 1462 1
396 2585 1
396 2782 1
398 494 1
398 808 1
398 896 1
398 1110 1
398 1129 1
398 1402 1
398 1430 1
398 2111 1
398 2257 1
399 416 1
399 558 1
399 749 1
399 847 1
399 963 1
399 1924 1
399 2715 1
400 813 1
400 1640 1
400 1681 1
400 1828 1
400 2276 1
400 2302 1
401 593 1
401 1030 1
401 1039 1
401 2036 1
402 1118 1
402 1991 1
402 2601 1
403 474 1
403 735 1
403 874 1
403 1143 1
403 1317 1
403 1643 1
403 2461 1
403 2642 1
403 2825 1
404 439 1
404 689 1
404 897 1
404 1071 1
404 1285 1
404 1593 1
404 2438 1
404 2712 1
404 2925 1
404 2986 1
405 459 1
406 839 1
406 853 1
406 1447 1
407 565 1
407 702 1
407 1220 1
407 1425 1
407 1452 1
407 1547 1
407 2537 1
408 522 1
408 812 1
408 1457 1
408 1567 1
408 2040 1
408 2231 1
408 2275 1
408 2369 1
409 570 1
409 1370 1
409 1591 1
409 1741 1
409 2310 1
409 2436 1
409 2884 1
410 455 1
410 2634 1
411 449 1
411 475 1
411 614 1
411 807 1
411 1629 1
411 1654 1
411 2115 1
411 2336 1
411 2372 1
411 2448 1
411 2797 1
411 2857 1
411 2896 1
412 786 1
412 981 1
412 1197 1
412 1457 1
412 1559 1
412 1923 1
412 2070 1
412 2100 1
413 492 1
413 724 1
413 965 1
413 1072 1
413 1143 1
413 2256 1
414 909 1
414 1464 1
414 1695 1
414 2498 1
414 2561 1
415 1218 1
415 1520 1
415 2854 1
416 631 1
416 1174 1
416 1441 1
416 1822 1
416 2485 1
416 2515 1
417 921 1
417 2596 1
417 2816 1
418 1295 1
418 1999 1
418 2199 1
419 501 1
419 658 1
419 815 1
419 1022 1
419 1028 1
419 1146 1
419 1810 1
419 1972 1
420 621 1
420 625 1
420 1099 1
420 1155 1
420 1333 1
420 2181 1
420 2466 1
420 2539 1
421 2904 1
422 500 1
422 851 1
422 2354 1
422 2944 1
423 466 1
423 570 1
423 651 1
423 669 1
423 673 1
423 1308 1
423 1662 1
423 1687 1
423 1774 1
423 2416 1
423 2838 1
424 871 1
424 1001 1
424 1333 1
424 1763 1
424 2042 1
424 2133 1
424 2206 1
424 2352 1
424 2522 1
424 2605 1
425 514 1
425 540 1
425 613 1
425 856 1
425 1033 1
425 1654 1
425 1734 1
425 1757 1
425 2367 1
425 2848 1
426 431 1
426 1661 1
426 1812 1
428 852 1
428 2858 1
429 1067 1
429 1875 1
429 2140 1
429 2341 1
429 2691 1
430 753 1
430 761 1
430 1005 1
430 1702 1
430 2292 1
431 1092 1
431 1098 1
431 1196 1
431 1576 1
431 2414 1
432 556 1
432 682 1
432 1029 1
432 1330 1
432 1423 1
432 1592 1
432 2171 1
432 2187 1
432 2310 1
432 2712 1
433 1108 1
433 1769 1
433 1842 1
434 587 1
434 691 1
434 1936 1
434 2014 1
434 2666 1
434 2914 1
435 2075 1
435 2191 1
435 2289 1
435 2701 1
436 733 1
436 809 1
436 1417 1
436 1527 1
437 560 1
437 678 1
437 1816 1
438 785 1
438 1748 1
438 2367 1
439 754 1
439 756 1
439 1030 1
439 1382 1
439 1816 1
439 2115 1
439 2490 1
440 449 1
440 1283 1
440 1324 1
440 2030 1
440 2253 1
441 633 1
441 898 1
441 1027 1
441 1560 1
441 2031 1
441 2214 1
441 2432 1
441 2768 1
442 500 1
442 560 1
442 701 1
442 707 1
442 755 1
442 826 1
442 1036 1
442 1347 1
442 1553 1
442 1714 1
442 1826 1
442 1963 1
442 2632 1
443 1150 1
443 1712 1
443 1776 1
443 2181 1
443 2325 1
443 2856 1
444 551 1
444 739 1
444 843 1
444 1046 1
444 1167 1
444 1244 1
444 1570 1
444 2280 1
444 2479 1
445 587 1
445 844 1
445 903 1
445 1042 1
445 1143 1
445 1245 1
445 1299 1
445 1823 1
445 2184 1
445 2625 1
446 1008 1
446 2257 1
447 649 1
447 801 1
447 934 1
447 1393 1
447 1679 1
447 2418 1
447 2797 1
448 574 1
448 1032 1
448 1487 1
448 2153 1
449 989 1
449 1969 1
450 478 1
450 1160 1
450 1291 1
450 1450 1
450 1485 1
450 1894 1
451 594 1
451 702 1
451 785 1
451 842 1
451 864 1
451 988 1
451 1019 1
451 1241 1
451 1339 1
451 1459 1
451 2005 1
451 2078 1
451 2247 1
451 2347 1
451 2715 1
451 2757 1
452 506 1
452 682 1
452 1269 1
452 1666 1
452 1934 1
453 466 1
453 1024 1
453 1967 1
453 2136 1
454 822 1
454 914 1
454 951 1
454 1423 1
454 1809 1
454 2661 1
455 516 1
455 612 1
455 1077 1
455 1155 1
455 1593 1
455 2241 1
456 984 1
456 1055 1
456 1361 1
456 1746 1
456 2728 1
457 671 1
457 939 1
457 1023 1
457 2743 1
458 782 1
458 921 1
458 2234 1
458 2721 1
459 1937 1
459 2073 1
459 2215 1
460 1934 1
460 2299 1
460 2526 1
460 2804 1
461 602 1
461 613 1
461 709 1
461 719 1
461 1070 1
461 1259 1
461 1779 1
461 1787 1
461 1925 1
461 2531 1
462 2660 1
464 500 1
464 658 1
464 745 1
464 939 1
464 977 1
464 2344 1
465 619 1
465 991 1
465 2504 1
466 521 1
466 697 1
466 778 1
466 1840 1
467 2926 1
468 559 1
468 599 1
468 1331 1
468 1420 1
469 1572 1
469 1784 1
469 1947 1
470 2255 1
471 601 1
471 1247 1
471 2379 1
471 2711 1
471 2769 1
472 485 1
472 705 1
472 2693 1
474 541 1
474 1063 1
475 754 1
476 616 1
476 814 1
476 887 1
476 1054 1
476 1303 1
476 1491 1
476 2130 1
476 2239 1
476 2422 1
476 2576 1
476 2786 1
477 2458 1
477 2657 1
478 881 1
478 1656 1
478 1759 1
479 1067 1
479 1069 1
479 1131 1
479 1400 1
480 595 1
480 1364 1
480 1782 1
480 1920 1
480 2514 1
480 2677 1
480 2767 1
480 2911 1
481 1851 1
481 2348 1
482 1136 1
482 1141 1
482 1401 1
482 1565 1
482 1834 1
482 2252 1
482 2517 1
482 2777 1
483 504 1
483 600 1
483 677 1
483 704 1
483 711 1
483 929 1
483 1015 1
483 1075 1
483 1210 1
483 1294 1
483 1732 1
483 2322 1
483 2873 1
483 2920 1
484 941 1
484 1094 1
484 1206 1
484 1385 1
484 2144 1
485 653 1
485 767 1
485 824 1
485 2102 1
485 2861 1
486 1524 1
487 596 1
487 804 1
487 961 1
487 971 1
487 1625 1
487 2216 1
487 2223 1
487 2580 1
487 2757 1
488 1051 1
488 1236 1
488 1358 1
488 1393 1
488 1416 1
488 1483 1
488 1536 1
488 2127 1
488 2383 1
489 635 1
489 992 1
489 1341 1
489 1635 1
489 2581 1
490 2280 1
491 578 1
491 648 1
491 1276 1
491 2047 1
492 2067 1
492 2385 1
492 2937 1
493 2668 1
494 668 1
494 849 1
494 927 1
494 1048 1
494 1104 1
494 1195 1
494 1462 1
494 2239 1
494 2472 1
494 2766 1
495 1267 1
495 1779 1
495 2678 1
496 512 1
496 728 1
496 1426 1
496 2003 1
496 2073 1
496 2972 1
496 2988 1
497 725 1
497 860 1
497 1225 1
497 1460 1
497 1567 1
497 1683 1
497 2441 1
497 2519 1
497 2930 1
498 774 1
498 1510 1
498 1581 1
498 2366 1
499 1993 1
499 2141 1
499 2745 1
499 2866 1
500 551 1
500 1276 1
500 1786 1
500 2802 1
502 1229 1
503 772 1
503 1512 1
504 1125 1
504 2401 1
505 684 1
505 698 1
505 853 1
505 1197 1
505 1467 1
506 789 1
506 1296 1
506 2194 1
507 729 1
507 1159 1
507 1293 1
507 1740 1
507 1953 1
507 2969 1
508 1436 1
508 2274 1
508 2569 1
508 2931 1
509 755 1
510 534 1
510 913 1
510 915 1
510 2036 1
510 2719 1
511 713 1
511 1181 1
511 1258 1
511 1913 1
511 1959 1
511 1983 1
511 2359 1
511 2859 1
512 1315 1
513 529 1
513 778 1
513 949 1
513 1100 1
513 1782 1
513 2028 1
514 1060 1
514 1656 1
515 2340 1
516 879 1
516 992 1
516 1981 1
517 621 1
517 722 1
517 907 1
517 1306 1
517 2459 1
518 917 1
518 968 1
518 1044 1
518 1542 1
518 1967 1
520 684 1
520 1375 1
521 886 1
521 967 1
522 554 1
522 558 1
522 937 1
522 994 1
522 998 1
522 1024 1
522 1157 1
522 1392 1
522 1425 1
522 1507 1
522 1597 1
522 1605 1
522 1624 1
522 1824 1
522 2037 1
522 2082 1
522 2686 1
522 2772 1
522 2922 1
523 926 1
523 1013 1
523 2629 1
524 637 1
525 527 1
525 2048 1
525 2616 1
526 711 1
526 1198 1
526 1276 1
526 1366 1
526 1371 1
526 2589 1
527 846 1
527 1103 1
528 1994 1
529 1009 1
529 1681 1
529 2368 1
529 2945 1
530 683 1
530 1223 1
530 1534 1
530 1914 1
530 2022 1
531 556 1
531 624 1
531 697 1
531 1345 1
531 1957 1
531 2211 1
531 2759 1
531 2959 1
531 2960 1
532 585 1
532 2307 1
532 2690 1
533 550 1
533 660 1
533 2323 1
533 2934 1
534 1084 1
534 1092 1
534 1713 1
534 2121 1
534 2820 1
535 547 1
535 715 1
535 999 1
535 1234 1
535 1837 1
535 2215 1
535 2437 1
535 2503 1
535 2785 1
535 2811 1
535 2922 1
537 2933 1
538 1220 1
538 1616 1
539 1093 1
540 675 1
540 765 1
540 786 1
540 848 1
540 882 1
540 1323 1
540 1371 1
540 1377 1
540 1583 1
540 1833 1
541 778 1
542 586 1
542 812 1
542 2656 1
542 2871 1
544 572 1
544 871 1
544 2125 1
544 2194 1
545 663 1
545 924 1
545 962 1
545 989 1
545 1064 1
546 2005 1
546 2706 1
546 2921 1
547 564 1
547 692 1
547 731 1
547 798 1
547 980 1
547 1029 1
547 1381 1
547 1479 1
547 1494 1
547 1538 1
547 1703 1
547 1792 1
547 1997 1
547 2179 1
547 2358 1
547 2690 1
547 2900 1
548 1374 1
548 1531 1
548 1765 1
548 2124 1
548 2433 1
549 1054 1
549 1641 1
549 2460 1
550 631 1
550 772 1
550 1353 1
550 1521 1
550 1845 1
551 2368 1
551 2583 1
552 1633 1
554 771 1
554 1559 1
554 1836 1
554 2511 1
555 2047 1
555 2350 1
556 573 1
556 1791 1
557 577 1
557 841 1
557 851 1
557 1309 1
557 1820 1
557 1873 1
557 2215 1
557 2262 1
558 707 1
558 1651 1
558 2614 1
559 824 1
559 2890 1
560 2148 1
561 630 1
561 641 1
561 763 1
561 1346 1
562 1040 1
562 1113 1
562 1890 1
562 2216 1
563 1301 1
564 732 1
564 1810 1
565 954 1
565 1147 1
565 2441 1
566 2674 1
567 798 1
567 1314 1
568 900 1
568 1010 1
568 1488 1
568 1606 1
568 1753 1
568 1859 1
568 1873 1
568 1925 1
568 2185 1
568 2287 1
568 2314 1
568 2482 1
568 2912 1
569 600 1
569 1154 1
570 2274 1
571 616 1
571 856 1
571 1065 1
571 1535 1
571 2000 1
571 2159 1
571 2167 1
571 2794 1
572 747 1
572 790 1
572 911 1
572 1181 1
572 2334 1
572 2418 1
572 2998 1
573 2055 1
574 760 1
574 829 1
574 1500 1
574 2147 1
574 2294 1
574 2416 1
575 578 1
575 797 1
575 1526 1
575 1569 1
575 1634 1
575 2165 1
575 2273 1
575 2887 1
576 648 1
576 1281 1
576 1409 1
576 1633 1
576 1708 1
576 2007 1
576 2036 1
576 2926 1
577 878 1
577 1710 1
578 1017 1
578 1228 1
578 1437 1
578 1586 1
578 1897 1
578 2635 1
579 1684 1
579 2311 1
579 2527 1
580 1192 1
580 1544 1
580 2458 1
581 1043 1
581 1104 1
581 1768 1
581 2237 1
581 2254 1
582 1449 1
582 2148 1
583 699 1
583 2314 1
584 1738 1
585 703 1
586 1367 1
586 1670 1
587 841 1
588 1137 1
589 1824 1
590 1166 1
590 2088 1
590 2471 1
591 700 1
591 957 1
591 1025 1
591 1055 1
591 1346 1
591 1467 1
592 1617 1
592 1952 1
592 2860 1
593 993 1
593 1365 1
593 1600 1
593 1769 1
593 2062 1
593 2765 1
594 736 1
597 706 1
597 1145 1
597 1320 1
597 1339 1
597 1764 1
597 2097 1
597 2605 1
598 2006 1
598 2248 1
599 632 1
599 1495 1
599 2479 1
599 2708 1
599 2997 1
600 634 1
600 696 1
600 987 1
600 1283 1
600 1672 1
600 1869 1
601 1750 1
602 1038 1
602 1414 1
602 1762 1
602 2253 1
602 2687 1
604 1203 1
604 1666 1
605 1862 1
606 1127 1
606 1176 1
606 1712 1
606 2053 1
606 2112 1
606 2712 1
607 642 1
607 729 1
607 815 1
607 2534 1
608 1727 1
609 1610 1
609 1830 1
609 2087 1
609 2491 1
610 1513 1
611 722 1
611 1190 1
611 1558 1
611 1971 1
611 2214 1
612 703 1
612 1060 1
612 1607 1
612 1762 1
613 846 1
613 859 1
613 892 1
613 1400 1
613 1434 1
613 1513 1
613 1727 1
613 1742 1
613 2090 1
613 2427 1
613 2731 1
615 1587 1
615 2770 1
616 1004 1
616 1161 1
616 1493 1
616 1543 1
616 1646 1
616 2053 1
616 2963 1
617 758 1
617 1083 1
617 1330 1
617 1844 1
618 776 1
618 1121 1
618 1488 1
618 1678 1
618 1740 1
618 1895 1
618 2042 1
618 2265 1
618 2493 1
619 1109 1
619 1416 1
619 1652 1
619 1927 1
619 2177 1
619 2335 1
620 2603 1
620 2916 1
620 2979 1
621 665 1
621 1071 1
621 1440 1
621 1534 1
621 1849 1
621 2212 1
624 1159 1
625 641 1
625 1068 1
625 1691 1
625 2709 1
626 949 1
626 974 1
626 2474 1
627 783 1
627 869 1
627 1156 1
627 1292 1
627 1543 1
627 1781 1
628 689 1
628 1089 1
628 1434 1
628 1908 1
629 1162 1
629 1315 1
629 1873 1
629 2396 1
629 2888 1
630 838 1
630 963 1
630 1414 1
630 1801 1
631 803 1
631 1789 1
631 1862 1
632 887 1
632 1052 1
632 1770 1
634 1078 1
634 1348 1
634 1388 1
634 2064 1
634 2203 1
634 2204 1
635 2881 1
636 1334 1
636 1751 1
636 1839 1
636 1955 1
636 2398 1
636 2674 1
638 1805 1
639 1381 1
639 1986 1
640 757 1
640 926 1
640 1842 1
640 1921 1
640 2849 1
641 2139 1
642 2786 1
644 1935 1
645 658 1
645 1045 1
645 1598 1
646 768 1
646 857 1
646 1020 1
646 2704 1
647 799 1
647 1902 1
648 822 1
648 876 1
648 1407 1
648 2173 1
648 2422 1
648 2443 1
648 2518 1
649 1385 1
650 783 1
650 908 1
650 1424 1
650 1671 1
650 2278 1
650 2677 1
651 791 1
651 1265 1
651 1894 1
651 2574 1
651 2722 1
651 2854 1
652 1427 1
652 1464 1
652 1547 1
652 1647 1
652 2345 1
652 2988 1
653 968 1
653 1406 1
653 1843 1
653 1863 1
653 2267 1
653 2525 1
654 674 1
654 2909 1
655 825 1
655 844 1
655 2317 1
655 2828 1
656 855 1
657 731 1
657 923 1
657 1397 1
657 2129 1
658 920 1
659 793 1
659 1169 1
661 1595 1
661 1637 1
662 1383 1
662 1667 1
662 2970 1
663 951 1
664 1482 1
664 1872 1
665 1110 1
665 2128 1
666 1170 1
666 2299 1
666 2640 1
667 2010 1
667 2142 1
669 1675 1
669 2201 1
669 2947 1
670 942 1
670 2985 1
671 808 1
671 2571 1
671 2973 1
672 788 1
672 1107 1
672 1503 1
672 1604 1
672 1844 1
672 1865 1
672 2378 1
672 2815 1
672 2976 1
673 678 1
673 940 1
673 991 1
673 2489 1
674 720 1
674 2227 1
675 1310 1
675 1884 1
675 2188 1
677 1297 1
677 2219 1
678 728 1
678 1997 1
678 2151 1
679 768 1
679 1078 1
679 1113 1
679 1222 1
679 1944 1
679 2168 1
680 904 1
680 1020 1
680 1382 1
680 2074 1
681 1255 1
681 1455 1
681 1628 1
681 1795 1
681 1865 1
682 929 1
682 1589 1
682 1718 1
683 748 1
683 1996 1
684 763 1
684 2272 1
685 938 1
685 976 1
685 1040 1
685 1874 1
685 2421 1
686 781 1
686 1974 1
686 1994 1
686 2245 1
686 2643 1
686 2855 1
687 985 1
688 1717 1
688 2024 1
688 2856 1
688 3000 1
689 956 1
689 1163 1
690 736 1
690 1761 1
690 1767 1
690 2326 1
691 896 1
691 1690 1
691 2559 1
694 2787 1
695 1046 1
695 1235 1
695 1286 1
695 2003 1
695 2570 1
696 787 1
696 1813 1
696 1820 1
696 2402 1
696 2423 1
697 2082 1
698 726 1
698 1273 1
698 1787 1
698 1930 1
698 2316 1
699 787 1
699 1219 1
699 2507 1
700 867 1
700 1601 1
701 2154 1
702 1566 1
702 2052 1
703 1005 1
703 2095 1
703 2755 1
704 708 1
704 868 1
704 1411 1
704 1677 1
704 2598 1
705 2512 1
706 763 1
706 2576 1
706 2852 1
706 2854 1
707 784 1
707 842 1
707 1157 1
707 1807 1
707 1855 1
707 1915 1
707 2159 1
707 2175 1
707 2282 1
707 2626 1
707 2785 1
707 2808 1
708 1076 1
708 2400 1
708 2859 1
710 717 1
710 1218 1
710 1418 1
710 1501 1
713 1313 1
715 900 1
715 1515 1
715 1739 1
715 2661 1
716 1851 1
717 1814 1
719 793 1
719 834 1
719 959 1
719 2501 1
720 1942 1
720 2121 1
720 2343 1
720 2850 1
721 731 1
721 1893 1
722 960 1
722 1439 1
722 1734 1
722 2492 1
724 1091 1
724 2779 1
724 2891 1
725 1659 1
725 1752 1
725 1835 1
725 2529 1
726 955 1
726 1071 1
726 2581 1
727 912 1
727 1435 1
727 2093 1
727 2230 1
727 2579 1
728 1872 1
728 2653 1
728 2744 1
728 2852 1
729 2060 1
730 787 1
730 953 1
730 1141 1
730 1962 1
730 2029 1
730 2105 1
730 2356 1
730 2913 1
730 2951 1
731 803 1
731 1383 1
731 1992 1
731 2596 1
732 927 1
732 1152 1
732 1514 1
732 2202 1
733 1046 1
733 1165 1
733 1519 1
733 1819 1
734 828 1
735 1331 1
736 769 1
736 863 1
736 1239 1
736 1574 1
736 2083 1
737 857 1
737 882 1
737 1105 1
737 1246 1
737 2365 1
737 2389 1
737 2493 1
737 2655 1
737 2784 1
738 1489 1
738 1870 1
739 1142 1
739 1470 1
739 1894 1
739 2328 1
740 895 1
740 2213 1
740 2793 1
742 875 1
742 2370 1
743 2675 1
743 2835 1
744 1932 1
744 2157 1
744 2159 1
744 2249 1
745 811 1
745 834 1
745 1125 1
747 1950 1
748 1035 1
748 2371 1
749 804 1
749 1127 1
749 1229 1
749 1313 1
749 1415 1
749 1447 1
749 2964 1
750 1526 1
750 1757 1
751 862 1
751 2198 1
751 2659 1
751 2820 1
751 2843 1
753 857 1
753 2183 1
754 776 1
754 1122 1
754 1489 1
755 938 1
755 1493 1
755 2030 1
755 2512 1
757 925 1
757 1077 1
757 1925 1
757 2009 1
757 2089 1
757 2527 1
757 2651 1
758 968 1
758 1279 1
758 1500 1
758 2573 1
758 2689 1
758 2992 1
759 1213 1
759 1728 1
759 2758 1
760 1007 1
760 1030 1
760 2998 1
761 1106 1
762 903 1
762 2510 1
763 1595 1
763 2446 1
764 912 1
764 1524 1
765 779 1
765 806 1
765 919 1
765 1058 1
765 1510 1
765 1739 1
765 2806 1
766 870 1
767 1011 1
767 1373 1
767 1898 1
769 801 1
769 1467 1
769 2333 1
769 2337 1
769 2950 1
770 1112 1
770 1767 1
770 2429 1
771 911 1
771 2969 1
772 788 1
772 1053 1
772 1426 1
772 1700 1
773 869 1
773 982 1
773 1034 1
773 1294 1
773 1929 1
774 2407 1
774 2452 1
775 1116 1
775 1498 1
775 1551 1
775 1556 1
776 972 1
776 1170 1
777 974 1
777 982 1
777 1268 1
777 1513 1
777 1805 1
777 2023 1
777 2378 1
777 2426 1
777 2559 1
777 2902 1
778 2671 1
778 2684 1
779 1945 1
779 2155 1
780 1847 1
780 2085 1
780 2281 1
781 937 1
781 1419 1
782 1720 1
784 1012 1
784 1638 1
784 1837 1
784 2233 1
784 2753 1
785 795 1
785 863 1
785 1123 1
785 1144 1
785 2043 1
786 811 1
786 1505 1
786 1642 1
786 2369 1
786 2889 1
787 827 1
787 1271 1
787 1364 1
787 2477 1
787 2531 1
788 1103 1
788 2843 1
789 2143 1
790 897 1
791 2462 1
791 2975 1
792 2261 1
792 2538 1
793 873 1
793 2500 1
794 934 1
794 1977 1
795 2613 1
796 1059 1
796 1316 1
797 1716 1
797 2793 1
798 1045 1
798 1160 1
798 1230 1
798 1448 1
798 1676 1
798 1742 1
798 2180 1
798 2665 1
798 2824 1
798 2866 1
799 1930 1
799 2439 1
799 2761 1
799 2868 1
800 1433 1
800 1954 1
800 2410 1
800 2506 1
802 2161 1
803 994 1
803 1965 1
803 2290 1
804 1244 1
805 1232 1
805 1672 1
806 1135 1
806 1515 1
806 1705 1
806 2373 1
806 2753 1
807 1062 1
807 1854 1
807 2235 1
807 2359 1
807 2839 1
808 1209 1
808 2026 1
808 2499 1
808 2897 1
809 1097 1
809 1371 1
809 1644 1
809 2166 1
809 2238 1
809 2727 1
810 1560 1
810 2953 1
811 902 1
811 1297 1
811 2790 1
811 2808 1
811 2860 1
812 1035 1
812 1083 1
812 1184 1
812 2885 1
814 891 1
814 966 1
814 1020 1
814 1049 1
814 1085 1
814 1188 1
814 1224 1
814 1245 1
814 1528 1
814 1540 1
814 1755 1
814 1922 1
814 2068 1
814 2218 1
814 2320 1
815 1026 1
817 1704 1
817 2263 1
817 2738 1
817 2868 1
818 1142 1
818 1519 1
818 2176 1
818 2278 1
819 1501 1
819 2004 1
820 1008 1
820 1652 1
820 2727 1
822 2959 1
823 1509 1
823 2317 1
824 1214 1
824 1469 1
825 2771 1
825 2954 1
826 832 1
826 1699 1
826 2532 1
827 1027 1
827 1338 1
828 2413 1
829 918 1
829 2173 1
829 2347 1
830 2608 1
831 1466 1
832 1219 1
832 1960 1
833 1215 1
833 2062 1
835 1605 1
835 2233 1
835 2444 1
836 2169 1
838 1093 1
838 1723 1
838 1866 1
839 1250 1
839 1537 1
840 1052 1
841 1401 1
842 1097 1
842 1514 1
843 889 1
844 1958 1
845 951 1
845 1021 1
845 1407 1
845 1656 1
845 2342 1
845 2923 1
846 1095 1
847 950 1
847 1388 1
847 2188 1
848 995 1
848 1944 1
849 1109 1
849 1956 1
850 1024 1
850 1396 1
851 2396 1
853 1474 1
854 1988 1
854 2936 1
857 1570 1
857 1650 1
857 1775 1
857 2916 1
858 903 1
858 1173 1
858 2938 1
859 1525 1
859 2894 1
860 1265 1
861 1204 1
862 2343 1
863 1079 1
863 2088 1
864 1354 1
864 2077 1
865 1888 1
865 2332 1
866 1811 1
867 1137 1
867 1523 1
867 1694 1
867 1725 1
867 2090 1
868 1041 1
868 2020 1
868 2442 1
869 990 1
869 2948 1
870 1163 1
870 1307 1
870 2192 1
871 1105 1
871 1665 1
871 1722 1
871 2080 1
871 2503 1
872 1404 1
872 2455 1
873 2376 1
874 950 1
874 1379 1
875 2110 1
875 2431 1
876 1091 1
876 1503 1
876 1821 1
878 1238 1
878 1526 1
878 1681 1
878 1915 1
879 1200 1
879 1594 1
879 1981 1
879 2038 1
879 2134 1
879 2297 1
879 2994 1
880 2867 1
882 1627 1
883 1532 1
883 2374 1
884 971 1
884 1038 1
884 1053 1
884 1106 1
884 1398 1
884 1662 1
884 2043 1
884 2615 1
884 2786 1
885 1358 1
885 2287 1
885 2387 1
885 2523 1
886 914 1
887 1393 1
887 2029 1
887 2490 1
887 2747 1
888 1074 1
888 1173 1
888 1756 1
888 2050 1
888 2245 1
888 2318 1
888 2385 1
888 2501 1
888 2979 1
888 2980 1
889 927 1
889 1182 1
890 2077 1
890 2098 1
890 2403 1
890 2875 1
891 1500 1
891 1921 1
891 2791 1
892 1026 1
892 1891 1
893 2411 1
894 1454 1
894 2032 1
894 2709 1
895 1112 1
895 1133 1
895 2132 1
895 2835 1
896 966 1
897 938 1
897 1180 1
897 2355 1
897 2399 1
898 1185 1
898 2814 1
899 1148 1
900 1723 1
901 1051 1
902 977 1
902 1217 1
902 2292 1
903 2770 1
904 2597 1
904 2980 1
905 1771 1
905 1990 1
906 1562 1
906 1661 1
906 2323 1
907 1595 1
907 1786 1
908 1514 1
909 1392 1
909 1688 1
909 2335 1
909 2697 1
910 1163 1
910 1608 1
911 1051 1
912 2784 1
914 2169 1
914 2607 1
916 2697 1
916 2840 1
917 1913 1
918 2545 1
919 1090 1
920 1408 1
920 1512 1
920 1679 1
921 1098 1
921 1832 1
921 2118 1
922 1040 1
922 1306 1
923 1096 1
925 2074 1
926 1421 1
926 1466 1
926 1540 1
926 1618 1
926 2303 1
926 2324 1
927 1588 1
928 1054 1
928 1075 1
928 1200 1
928 1343 1
928 1581 1
928 1627 1
928 1820 1
928 2380 1
928 2537 1
931 1062 1
931 1124 1
931 1436 1
931 1649 1
931 1858 1
932 2353 1
932 2611 1
933 1245 1
934 1036 1
934 1606 1
935 1171 1
936 1367 1
937 965 1
937 1867 1
937 1988 1
937 2965 1
938 1113 1
939 1013 1
939 1521 1
939 1541 1
939 1575 1
939 1788 1
939 2865 1
940 1336 1
940 1895 1
940 2125 1
940 2129 1
941 2780 1
942 1059 1
942 1442 1
942 1459 1
942 1710 1
942 2193 1
942 2914 1
943 1915 1
944 1135 1
944 2134 1
946 1062 1
946 1216 1
946 1634 1
946 2040 1
946 2197 1
946 2210 1
946 2305 1
946 2763 1
946 2809 1
948 1674 1
949 1039 1
950 1101 1
950 1105 1
950 1304 1
950 1597 1
950 2171 1
950 2532 1
950 2644 1
951 1193 1
952 1031 1
952 1158 1
952 1208 1
952 1313 1
952 1848 1
953 1191 1
953 2444 1
953 2470 1
953 2537 1
953 2682 1
953 2978 1
954 1848 1
955 964 1
955 1387 1
955 2408 1
956 957 1
956 2276 1
956 2322 1
957 1247 1
958 1184 1
958 2136 1
958 2312 1
960 1314 1
960 1323 1
960 2375 1
960 2976 1
961 1048 1
961 1149 1
961 1254 1
961 1375 1
961 1447 1
961 2108 1
961 2785 1
962 1917 1
963 970 1
963 2405 1
963 2558 1
963 2873 1
964 1086 1
964 1186 1
964 2172 1
965 1636 1
967 1096 1
967 1763 1
967 2499 1
967 2864 1
969 2336 1
969 2912 1
970 1254 1
972 1384 1
973 1114 1
973 1611 1
973 1920 1
974 1340 1
974 2017 1
975 998 1
975 1311 1
975 1772 1
975 2695 1
976 1236 1
976 1265 1
977 996 1
977 1609 1
978 1280 1
980 1043 1
980 1117 1
980 1697 1
980 2768 1
981 1665 1
982 1508 1
983 1386 1
983 1730 1
983 1750 1
983 2827 1
984 1376 1
984 1541 1
984 2451 1
985 1127 1
985 1584 1
985 1728 1
985 1758 1
987 1570 1
987 1914 1
987 2160 1
987 2285 1
987 2461 1
987 2567 1
987 2645 1
988 1214 1
988 1945 1
989 1070 1
989 1351 1
989 1914 1
989 2057 1
989 2401 1
989 2595 1
990 1272 1
991 2874 1
993 1011 1
993 1135 1
993 1151 1
995 1932 1
996 1037 1
996 1307 1
996 2759 1
997 1745 1
997 1781 1
997 2526 1
1000 1066 1
1000 1209 1
1000 1247 1
1000 1898 1
1000 1978 1
1000 2284 1
1001 1162 1
1001 1195 1
1001 1760 1
1001 2473 1
1001 2610 1
1002 1741 1
1002 1958 1
1004 1260 1
1004 1277 1
1004 1301 1
1004 2839 1
1008 1129 1
1009 1480 1
1009 1949 1
1009 2380 1
1009 2625 1
1010 1082 1
1010 1446 1
1011 1307 1
1011 2059 1
1011 2789 1
1012 1437 1
1012 1752 1
1013 1295 1
1013 2516 1
1014 1818 1
1016 1252 1
1016 1830 1
1016 1887 1
1016 2089 1
1017 1121 1
1017 1879 1
1018 1515 1
1018 2345 1
1019 2821 1
1020 1897 1
1021 1574 1
1022 1532 1
1022 1705 1
1022 2150 1
1022 2949 1
1023 1058 1
1023 2717 1
1024 1613 1
1024 2140 1
1025 1205 1
1025 1497 1
1025 2348 1
1027 1158 1
1027 1259 1
1027 1679 1
1027 2612 1
1028 1415 1
1028 1546 1
1028 2191 1
1028 2338 1
1029 1129 1
1029 1372 1
1029 1743 1
1029 2676 1
1030 2566 1
1031 1055 1
1031 1761 1
1032 1759 1
1032 2767 1
1033 1857 1
1035 2023 1
1036 1790 1
1036 2775 1
1037 1597 1
1037 1759 1
1038 2288 1
1038 2432 1
1040 1582 1
1041 1126 1
1041 1459 1
1041 1774 1
1042 2221 1
1043 1151 1
1043 2163 1
1044 1172 1
1044 1923 1
1045 1437 1
1045 1649 1
1045 1700 1
1045 1994 1
1045 2103 1
1045 2457 1
1047 2179 1
1048 1861 1
1049 1122 1
1049 1373 1
1049 1460 1
1049 2758 1
1049 2898 1
1050 1530 1
1052 2251 1
1053 1156 1
1053 2604 1
1054 1590 1
1054 1996 1
1054 2474 1
1054 2597 1
1054 2643 1
1055 1231 1
1055 1328 1
1055 1332 1
1055 2619 1
1056 1790 1
1057 1412 1
1057 1677 1
1058 1061 1
1058 1121 1
1058 1297 1
1058 1433 1
1058 1522 1
1058 1615 1
1058 1961 1
1058 2488 1
1058 2748 1
1058 2907 1
1059 1270 1
1059 1486 1
1059 1989 1
1059 2027 1
1060 1161 1
1061 1626 1
1061 2230 1
1061 2717 1
1062 1133 1
1062 2241 1
1063 1453 1
1063 1692 1
1063 1754 1
1063 2044 1
1063 2760 1
1064 1378 1
1064 1384 1
1064 1536 1
1064 1796 1
1064 2567 1
1065 1647 1
1065 2624 1
1065 2806 1
1066 1826 1
1066 2000 1
1067 1215 1
1067 1694 1
1067 2340 1
1068 1327 1
1068 1943 1
1068 2397 1
1068 2440 1
1069 1120 1
1069 2802 1
1071 1703 1
1072 2597 1
1072 2803 1
1074 2401 1
1075 1138 1
1075 1741 1
1075 1992 1
1076 1147 1
1076 1428 1
1076 1617 1
1076 1628 1
1076 2114 1
1076 2178 1
1076 2370 1
1080 2117 1
1080 2455 1
1081 1234 1
1081 1968 1
1082 1701 1
1083 1931 1
1084 1463 1
1084 2010 1
1087 1222 1
1087 1349 1
1087 1481 1
1087 1747 1
1087 2980 1
1088 1156 1
1090 1117 1
1090 1300 1
1090 2232 1
1091 1909 1
1091 2112 1
1092 2531 1
1092 2735 1
1094 1843 1
1095 2096 1
1096 1576 1
1096 2946 1
1096 2999 1
1097 1824 1
1097 1898 1
1097 2608 1
1097 2892 1
1099 2952 1
1100 1279 1
1100 1463 1
1100 2074 1
1101 1348 1
1101 1880 1
1101 2652 1
1103 1140 1
1105 1263 1
1105 1475 1
1105 1529 1
1105 1542 1
1105 1602 1
1105 1669 1
1105 2548 1
1105 2937 1
1106 1336 1
1106 2019 1
1106 2601 1
1106 2652 1
1106 2905 1
1107 2447 1
1108 1359 1
1108 1506 1
1108 1664 1
1108 2220 1
1109 2219 1
1110 1134 1
1111 2410 1
1112 2456 1
1113 1356 1
1114 1139 1
1114 1198 1
1115 1472 1
1115 1852 1
1115 2956 1
1116 1145 1
1119 1191 1
1119 1806 1
1119 2212 1
1119 2772 1
1121 1425 1
1122 1559 1
1123 1318 1
1123 1344 1
1123 2004 1
1123 2269 1
1125 1365 1
1125 1785 1
1125 2479 1
1125 2864 1
1125 2948 1
1126 1257 1
1126 1494 1
1126 2196 1
1126 2556 1
1128 1352 1
1128 2934 1
1129 1603 1
1129 1696 1
1129 1959 1
1129 2078 1
1130 1711 1
1130 2016 1
1130 2711 1
1131 1284 1
1131 1354 1
1131 1976 1
1131 2208 1
1131 2214 1
1131 2524 1
1132 2415 1
1133 2293 1
1134 1168 1
1134 1413 1
1134 2196 1
1134 2311 1
1135 1457 1
1135 1619 1
1135 2734 1
1135 2745 1
1137 1350 1
1137 2069 1
1137 2660 1
1138 2816 1
1139 1324 1
1139 1668 1
1139 1749 1
1139 2058 1
1139 2306 1
1139 2353 1
1139 2469 1
1139 2716 1
1140 2671 1
1141 1649 1
1142 2280 1
1143 1638 1
1143 2182 1
1146 1505 1
1147 1555 1
1147 2682 1
1148 1374 1
1148 2122 1
1149 1413 1
1149 1456 1
1149 2259 1
1149 2760 1
1149 2945 1
1149 2993 1
1151 1988 1
1152 1799 1
1152 2989 1
1153 2498 1
1155 1578 1
1155 1926 1
1156 1972 1
1157 2234 1
1157 2977 1
1159 1248 1
1159 1884 1
1160 1161 1
1160 1217 1
1160 1225 1
1160 1360 1
1160 1814 1
1160 2132 1
1160 2160 1
1161 1216 1
1161 1896 1
1163 2475 1
1165 1322 1
1165 1803 1
1167 1170 1
1167 1334 1
1167 1399 1
1167 1718 1
1167 2072 1
1167 2650 1
1167 2896 1
1167 2967 1
1168 2183 1
1168 2384 1
1168 2492 1
1169 2574 1
1170 1345 1
1170 2289 1
1171 1430 1
1171 2219 1
1172 2872 1
1173 1339 1
1173 1726 1
1173 1906 1
1173 2231 1
1173 2490 1
1173 2618 1
1173 2637 1
1174 1175 1
1174 1278 1
1174 1495 1
1174 1801 1
1175 1529 1
1176 1529 1
1176 1853 1
1176 2892 1
1178 1192 1
1179 2079 1
1181 1422 1
1181 2586 1
1181 2812 1
1182 2454 1
1185 1589 1
1185 1623 1
1185 2623 1
1189 1423 1
1189 1455 1
1189 2007 1
1189 2105 1
1189 2303 1
1189 2882 1
1190 2696 1
1191 1954 1
1192 1451 1
1192 1829 1
1192 2420 1
1192 2466 1
1193 2846 1
1194 1728 1
1194 2600 1
1194 2744 1
1194 2975 1
1196 1260 1
1196 1399 1
1196 1888 1
1196 2315 1
1196 2467 1
1197 1199 1
1197 1573 1
1197 1968 1
1197 2598 1
1198 2026 1
1199 1217 1
1199 1550 1
1199 2620 1
1199 2803 1
1200 1412 1
1201 1304 1
1201 2021 1
1201 2662 1
1202 1835 1
1203 2217 1
1204 1439 1
1205 2525 1
1206 2138 1
1208 2370 1
1209 2588 1
1210 1958 1
1210 2269 1
1211 2137 1
1211 2847 1
1213 1469 1
1213 1652 1
1213 1996 1
1213 2076 1
1213 2197 1
1213 2568 1
1213 2944 1
1215 2350 1
1216 1599 1
1218 1932 1
1218 1950 1
1218 2705 1
1218 2738 1
1219 2428 1
1220 1674 1
1220 1680 1
1220 2114 1
1221 1370 1
1221 2558 1
1221 2592 1
1221 2796 1
1222 2260 1
1223 1408 1
1223 1823 1
1223 2516 1
1224 1271 1
1224 1600 1
1225 2083 1
1226 1314 1
1227 1599 1
1229 1655 1
1229 2539 1
1230 1783 1
1230 2184 1
1230 2627 1
1232 1262 1
1232 1998 1
1232 2145 1
1232 2474 1
1233 1933 1
1233 2675 1
1234 1722 1
1234 1899 1
1235 1693 1
1235 2985 1
1237 2883 1
1237 2940 1
1239 1360 1
1239 1609 1
1239 1645 1
1240 1630 1
1240 2439 1
1241 2403 1
1242 2243 1
1242 2781 1
1243 2034 1
1243 2058 1
1243 2496 1
1244 1608 1
1244 2472 1
1245 1850 1
1245 2244 1
1246 2876 1
1248 1539 1
1248 1636 1
1249 1606 1
1249 2644 1
1250 1576 1
1250 1953 1
1251 1279 1
1251 2227 1
1251 2329 1
1251 2509 1
1251 2571 1
1251 2633 1
1252 1620 1
1253 2718 1
1254 2167 1
1254 2672 1
1255 2632 1
1256 1356 1
1256 1858 1
1256 2071 1
1256 2925 1
1256 2935 1
1257 1598 1
1257 1688 1
1261 1312 1
1261 2324 1
1261 2327 1
1262 2414 1
1263 1715 1
1263 2234 1
1263 2946 1
1264 2899 1
1265 1364 1
1266 2328 1
1267 1730 1
1267 2108 1
1267 2665 1
1269 2237 1
1269 2646 1
1271 1480 1
1271 1568 1
1271 2182 1
1271 2687 1
1272 1743 1
1272 2776 1
1273 1439 1
1273 2157 1
1273 2487 1
1274 2398 1
1275 2393 1
1275 2893 1
1278 2363 1
1279 1949 1
1282 2395 1
1286 1754 1
1286 2919 1
1287 1993 1
1287 2952 1
1288 1516 1
1288 2398 1
1289 1435 1
1289 1511 1
1289 2041 1
1289 2290 1
1289 2770 1
1289 2844 1
1289 2989 1
1290 1362 1
1290 2146 1
1290 2638 1
1290 2655 1
1291 1828 1
1292 2974 1
1293 2958 1
1294 2986 1
1295 1461 1
1295 1609 1
1295 1904 1
1297 2210 1
1298 1490 1
1299 1484 1
1299 2325 1
1299 2536 1
1300 1444 1
1300 1673 1
1300 2459 1
1300 2520 1
1301 1465 1
1301 1962 1
1301 2012 1
1301 2405 1
1301 2679 1
1301 2982 1
1303 1345 1
1303 2673 1
1304 1445 1
1304 2532 1
1306 1804 1
1306 1822 1
1306 1964 1
1306 2445 1
1306 2562 1
1306 2751 1
1307 1530 1
1309 1577 1
1309 1803 1
1309 2045 1
1309 2600 1
1309 2745 1
1312 2984 1
1313 1376 1
1313 1885 1
1314 1729 1
1314 2304 1
1315 1431 1
1315 1637 1
1316 1562 1
1316 1637 1
1316 2090 1
1316 2953 1
1317 2742 1
1318 1771 1
1318 2326 1
1318 2483 1
1319 1590 1
1320 1797 1
1320 1801 1
1320 1878 1
1321 2099 1
1321 2352 1
1321 2909 1
1322 1624 1
1322 2150 1
1323 2481 1
1324 1819 1
1324 1857 1
1324 2297 1
1324 2868 1
1326 1472 1
1326 2714 1
1327 2508 1
1328 2702 1
1329 1460 1
1330 1722 1
1330 2001 1
1332 1907 1
1332 1990 1
1332 2425 1
1332 2891 1
1333 1731 1
1333 2667 1
1335 1751 1
1336 1583 1
1337 2925 1
1338 1483 1
1339 1435 1
1339 1539 1
1339 2623 1
1339 2733 1
1340 1527 1
1340 2828 1
1340 2897 1
1341 2051 1
1341 2170 1
1341 2217 1
1342 1541 1
1343 1664 1
1343 2266 1
1343 2600 1
1344 1428 1
1345 1351 1
1345 2056 1
1345 2210 1
1345 2736 1
1346 1594 1
1346 2582 1
1347 2584 1
1348 1614 1
1348 2305 1
1351 1987 1
1353 1835 1
1353 2433 1
1357 1593 1
1357 2663 1
1358 1405 1
1361 2648 1
1362 2041 1
1362 2265 1
1362 2693 1
1364 1989 1
1364 2195 1
1365 1896 1
1365 2265 1
1366 1871 1
1370 1518 1
1370 2614 1
1372 2174 1
1375 1377 1
1375 1698 1
1375 2111 1
1375 2207 1
1377 1853 1
1379 1635 1
1380 1621 1
1380 1627 1
1381 1545 1
1384 1592 1
1384 2509 1
1385 2035 1
1385 2351 1
1385 2781 1
1385 2862 1
1385 2984 1
1387 1475 1
1387 2317 1
1388 1736 1
1389 2687 1
1392 2163 1
1392 2977 1
1397 1744 1
1397 1921 1
1397 2447 1
1397 2955 1
1398 1787 1
1399 1881 1
1399 2988 1
1400 1497 1
1400 1555 1
1400 2481 1
1402 1631 1
1403 1711 1
1403 1777 1
1403 2173 1
1403 2443 1
1403 2455 1
1403 2496 1
1403 2588 1
1404 2957 1
1405 1489 1
1405 1855 1
1407 1747 1
1407 2374 1
1412 1839 1
1412 2831 1
1414 1761 1
1414 1780 1
1414 1973 1
1415 1906 1
1415 2236 1
1415 2487 1
1415 2647 1
1416 1502 1
1417 1845 1
1418 1837 1
1422 2063 1
1423 2552 1
1423 2780 1
1424 1539 1
1424 1554 1
1424 1908 1
1424 2284 1
1424 2330 1
1424 2393 1
1425 1496 1
1425 1667 1
1425 1831 1
1425 2148 1
1425 2180 1
1425 2226 1
1425 2240 1
1425 2364 1
1426 1833 1
1426 1933 1
1426 2331 1
1426 2758 1
1427 1756 1
1428 2733 1
1429 1799 1
1430 1444 1
1430 1456 1
1430 1808 1
1432 1558 1
1432 2045 1
1432 2149 1
1433 2354 1
1434 1941 1
1435 1476 1
1435 2109 1
1435 2128 1
1436 2293 1
1437 2347 1
1438 1666 1
1438 2301 1
1438 2825 1
1439 1884 1
1439 2051 1
1439 2298 1
1440 2066 1
1442 2154 1
1448 2060 1
1449 2169 1
1450 1519 1
1450 1800 1
1451 2540 1
1451 2684 1
1452 1672 1
1454 2439 1
1454 2542 1
1455 2064 1
1455 2165 1
1456 1975 1
1458 2413 1
1460 1702 1
1460 2391 1
1460 2634 1
1461 1531 1
1461 1638 1
1461 1955 1
1461 2075 1
1461 2366 1
1461 2956 1
1462 2339 1
1462 2808 1
1463 1508 1
1463 2610 1
1464 1982 1
1464 2495 1
1465 2606 1
1466 1864 1
1467 1814 1
1468 2018 1
1470 1708 1
1472 1855 1
1472 2180 1
1472 2228 1
1474 1734 1
1474 1861 1
1475 2040 1
1476 1798 1
1476 1951 1
1477 1740 1
1477 1827 1
1477 1957 1
1477 2686 1
1478 2603 1
1480 1885 1
1481 1644 1
1482 1878 1
1482 1886 1
1482 2034 1
1484 2185 1
1486 1668 1
1486 2841 1
1488 1806 1
1490 2421 1
1490 2619 1
1492 2457 1
1492 2707 1
1493 2081 1
1494 2654 1
1494 2894 1
1496 1653 1
1496 2819 1
1496 2942 1
1498 2271 1
1499 1612 1
1499 1632 1
1499 2012 1
1500 1561 1
1500 1966 1
1500 2120 1
1500 2991 1
1501 1893 1
1501 1939 1
1501 1950 1
1502 1715 1
1502 1735 1
1502 2150 1
1502 2250 1
1502 2449 1
1502 2987 1
1504 1716 1
1504 1846 1
1504 2002 1
1505 2073 1
1505 2140 1
1505 2318 1
1506 2082 1
1506 2254 1
1506 2845 1
1509 2042 1
1509 2832 1
1511 1650 1
1511 1817 1
1514 1623 1
1515 1632 1
1515 2089 1
1515 2204 1
1517 2762 1
1517 2829 1
1518 2866 1
1519 1706 1
1519 2427 1
1520 2460 1
1520 2981 1
1521 2803 1
1521 2832 1
1522 2412 1
1523 1658 1
1525 2192 1
1526 1817 1
1526 2229 1
1526 2683 1
1526 2822 1
1527 1690 1
1527 2058 1
1528 1591 1
1528 2020 1
1528 2068 1
1528 2198 1
1528 2735 1
1530 1819 1
1530 1847 1
1530 2026 1
1533 1608 1
1534 1968 1
1536 1647 1
1536 1673 1
1539 1605 1
1540 2844 1
1541 1857 1
1541 2080 1
1541 2725 1
1545 1815 1
1546 1587 1
1546 2110 1
1546 2331 1
1549 2568 1
1550 1748 1
1550 2572 1
1551 1725 1
1552 2420 1
1552 2606 1
1552 2882 1
1554 1909 1
1556 2722 1
1557 1581 1
1557 2097 1
1557 2321 1
1558 2810 1
1560 1758 1
1560 2067 1
1561 2096 1
1561 2784 1
1564 1927 1
1564 2091 1
1565 2223 1
1566 1778 1
1566 2283 1
1567 1664 1
1567 1707 1
1568 1599 1
1568 1724 1
1568 2548 1
1568 2878 1
1570 1869 1
1571 2378 1
1571 2424 1
1571 2957 1
1572 1880 1
1573 1850 1
1573 1856 1
1573 2652 1
1573 2845 1
1574 2115 1
1574 2301 1
1574 2549 1
1576 1900 1
1576 1918 1
1576 2131 1
1576 2199 1
1576 2377 1
1576 2654 1
1577 2103 1
1577 2480 1
1577 2586 1
1577 2782 1
1578 1587 1
1578 1883 1
1578 2206 1
1578 2705 1
1578 2769 1
1578 2838 1
1580 2334 1
1581 2527 1
1582 2277 1
1582 2504 1
1582 2730 1
1583 1625 1
1584 1737 1
1584 2285 1
1584 2821 1
1586 2493 1
1586 2796 1
1588 2483 1
1589 2436 1
1590 1891 1
1590 2011 1
1590 2186 1
1590 2648 1
1592 1737 1
1593 2094 1
1593 2195 1
1593 2263 1
1595 1847 1
1595 2153 1
1596 2838 1
1598 1660 1
1598 1699 1
1598 1783 1
1598 2415 1
1600 2009 1
1601 1624 1
1601 2713 1
1602 2240 1
1602 2818 1
1606 1933 1
1608 1760 1
1610 1653 1
1611 1619 1
1611 2268 1
1611 2551 1
1615 2052 1
1615 2243 1
1615 2273 1
1615 2454 1
1615 2473 1
1616 1789 1
1616 2414 1
1616 2631 1
1616 2638 1
1617 2419 1
1617 2646 1
1619 2515 1
1621 1776 1
1622 2386 1
1623 2657 1
1623 2752 1
1623 2965 1
1625 2134 1
1626 2362 1
1627 2940 1
1628 2283 1
1628 2648 1
1628 2848 1
1630 2085 1
1631 2386 1
1631 2426 1
1632 1788 1
1632 2431 1
1633 1663 1
1635 1952 1
1635 2501 1
1637 1806 1
1637 2430 1
1638 2031 1
1638 2223 1
1639 2936 1
1640 1780 1
1640 2563 1
1641 1795 1
1641 2945 1
1642 2270 1
1643 2954 1
1644 1785 1
1645 2270 1
1647 1769 1
1648 2107 1
1650 2792 1
1651 1653 1
1651 1797 1
1651 2822 1
1652 2514 1
1653 1764 1
1653 2017 1
1654 2408 1
1654 2476 1
1657 1917 1
1657 2202 1
1657 2340 1
1658 2054 1
1659 1849 1
1663 2823 1
1663 2949 1
1664 2779 1
1666 2300 1
1667 2853 1
1668 2746 1
1669 2488 1
1670 2583 1
1672 2281 1
1672 3000 1
1673 2222 1
1673 2446 1
1673 2602 1
1673 2729 1
1674 1815 1
1677 2780 1
1678 2380 1
1678 2633 1
1679 1923 1
1680 1746 1
1680 1825 1
1680 1832 1
1680 2277 1
1680 2423 1
1680 2564 1
1680 2587 1
1682 1794 1
1682 2855 1
1683 1839 1
1683 2281 1
1684 2440 1
1685 2511 1
1686 2137 1
1686 2388 1
1686 2799 1
1686 2811 1
1688 1713 1
1688 2060 1
1688 2202 1
1688 2217 1
1688 2400 1
1690 1979 1
1691 1942 1
1692 1696 1
1692 2037 1
1692 2639 1
1695 1721 1
1697 2038 1
1698 1879 1
1699 2143 1
1699 2960 1
1704 1980 1
1705 1786 1
1705 2137 1
1705 2301 1
1705 2471 1
1705 2778 1
1705 2851 1
1707 2051 1
1707 2883 1
1708 2507 1
1711 1972 1
1711 2067 1
1711 2309 1
1711 2543 1
1711 2918 1
1712 2175 1
1714 1945 1
1714 2261 1
1714 2338 1
1714 2688 1
1714 2913 1
1715 2973 1
1716 2327 1
1716 2680 1
1720 2272 1
1721 2296 1
1721 2910 1
1722 2386 1
1723 1912 1
1727 1926 1
1728 1736 1
1728 1924 1
1728 2842 1
1729 2719 1
1730 2609 1
1730 2841 1
1731 2620 1
1731 2642 1
1732 2932 1
1734 2107 1
1734 2790 1
1744 2313 1
1744 2542 1
1744 2974 1
1747 2004 1
1747 2070 1
1747 2354 1
1748 2057 1
1749 2834 1
1752 2594 1
1752 2794 1
1757 2101 1
1757 2468 1
1757 2529 1
1757 2636 1
1757 2700 1
1760 2587 1
1760 2625 1
1763 2397 1
1764 2695 1
1764 2933 1
1765 2840 1
1766 2584 1
1767 1970 1
1770 2609 1
1772 2613 1
1774 1975 1
1774 2464 1
1775 2641 1
1776 1798 1
1776 1919 1
1777 2209 1
1778 1919 1
1778 2018 1
1778 2052 1
1778 2640 1
1783 2670 1
1784 2544 1
1785 2186 1
1786 2106 1
1786 2593 1
1787 2275 1
1788 2996 1
1789 2903 1
1790 2547 1
1791 2158 1
1792 1841 1
1793 2135 1
1794 2055 1
1795 1833 1
1795 2191 1
1795 2881 1
1796 2562 1
1797 1836 1
1797 2066 1
1797 2178 1
1799 2075 1
1800 2050 1
1800 2285 1
1800 2466 1
1800 2563 1
1801 2039 1
1803 2516 1
1804 2256 1
1804 2268 1
1806 2160 1
1806 2433 1
1806 2889 1
1807 2571 1
1808 2282 1
1808 2438 1
1811 1936 1
1811 2599 1
1815 1876 1
1815 1948 1
1815 2153 1
1815 2208 1
1818 2595 1
1820 2072 1
1822 1999 1
1824 2006 1
1826 2575 1
1828 2152 1
1832 1843 1
1832 2113 1
1833 2463 1
1833 2694 1
1835 2391 1
1835 2817 1
1836 2371 1
1838 2550 1
1838 2934 1
1843 1866 1
1843 2941 1
1844 1890 1
1844 2011 1
1845 2071 1
1847 2549 1
1847 2927 1
1848 2382 1
1851 2357 1
1853 2797 1
1854 2552 1
1855 2332 1
1855 2633 1
1856 2540 1
1859 1917 1
1859 1936 1
1859 2444 1
1862 2845 1
1864 2000 1
1864 2442 1
1865 2608 1
1867 2922 1
1868 2541 1
1869 2041 1
1869 2069 1
1869 2533 1
1871 2187 1
1871 2335 1
1871 2491 1
1872 2172 1
1873 1974 1
1873 2130 1
1875 2334 1
1875 2430 1
1875 2557 1
1875 2611 1
1875 2812 1
1876 2319 1
1878 2181 1
1880 2205 1
1880 2907 1
1881 2790 1
1883 2012 1
1883 2637 1
1884 2618 1
1887 2810 1
1887 2839 1
1888 2387 1
1888 2553 1
1888 2923 1
1889 1910 1
1889 2483 1
1892 2246 1
1892 2677 1
1894 2673 1
1897 2671 1
1897 2933 1
1898 1973 1
1898 2144 1
1898 2510 1
1900 2291 1
1900 2523 1
1900 2944 1
1901 2500 1
1902 2470 1
1903 2570 1
1903 2867 1
1904 2240 1
1905 2156 1
1905 2851 1
1908 1951 1
1909 2123 1
1911 2395 1
1913 2387 1
1913 2462 1
1915 2596 1
1916 1980 1
1917 2518 1
1921 2454 1
1922 2811 1
1923 2865 1
1924 2450 1
1925 2995 1
1925 2996 1
1926 2225 1
1928 2482 1
1929 2342 1
1929 2736 1
1929 2970 1
1930 2535 1
1930 2918 1
1932 2783 1
1933 2025 1
1933 2669 1
1937 2564 1
1938 2306 1
1941 2163 1
1941 2874 1
1946 2246 1
1947 2424 1
1947 2456 1
1948 2478 1
1948 2895 1
1949 2167 1
1949 2244 1
1950 2390 1
1952 2359 1
1955 1995 1
1955 2801 1
1955 2835 1
1955 2923 1
1956 1985 1
1957 2588 1
1965 2247 1
1968 2193 1
1969 2718 1
1969 2937 1
1970 2221 1
1972 2039 1
1972 2119 1
1972 2629 1
1973 2465 1
1973 2704 1
1975 2807 1
1976 2879 1
1979 2098 1
1979 2830 1
1982 2358 1
1983 2332 1
1983 2842 1
1985 2985 1
1988 2252 1
1988 2968 1
1990 2591 1
1991 2754 1
1992 2002 1
1996 2296 1
1997 2260 1
1997 2484 1
1999 2102 1
1999 2477 1
2000 2485 1
2000 2755 1
2000 2756 1
2001 2113 1
2003 2030 1
2007 2498 1
2010 2886 1
2011 2221 1
2011 2229 1
2011 2620 1
2012 2127 1
2014 2766 1
2017 2310 1
2017 2506 1
2018 2710 1
2021 2515 1
2022 2424 1
2022 2726 1
2022 2788 1
2022 2809 1
2023 2142 1
2024 2147 1
2024 2349 1
2025 2700 1
2026 2749 1
2027 2635 1
2028 2513 1
2031 2330 1
2036 2170 1
2039 2365 1
2040 2791 1
2045 2106 1
2049 2068 1
2049 2549 1
2049 2905 1
2052 2149 1
2053 2486 1
2058 2533 1
2059 2114 1
2059 2523 1
2065 2436 1
2066 2529 1
2066 2932 1
2067 2392 1
2072 2659 1
2072 2764 1
2074 2390 1
2074 2698 1
2080 2612 1
2084 2123 1
2085 2201 1
2088 2821 1
2089 2567 1
2090 2656 1
2091 2213 1
2093 2902 1
2098 2318 1
2100 2407 1
2101 2255 1
2102 2260 1
2102 2286 1
2104 2574 1
2104 2740 1
2104 2984 1
2105 2135 1
2105 2751 1
2106 2190 1
2106 2576 1
2107 2524 1
2107 2551 1
2107 2594 1
2107 2688 1
2112 2809 1
2113 2672 1
2116 2233 1
2121 2355 1
2123 2220 1
2125 2987 1
2127 2349 1
2127 2666 1
2128 2914 1
2129 2495 1
2130 2486 1
2133 2974 1
2135 2577 1
2135 2932 1
2137 2768 1
2140 2518 1
2140 2681 1
2144 2329 1
2145 2420 1
2145 2986 1
2147 2502 1
2148 2602 1
2148 2702 1
2152 2225 1
2153 2283 1
2153 2421 1
2157 2402 1
2157 2741 1
2159 2728 1
2161 2316 1
2167 2413 1
2168 2624 1
2168 2887 1
2169 2656 1
2171 2969 1
2173 2728 1
2178 2247 1
2179 2309 1
2179 2411 1
2183 2499 1
2185 2351 1
2186 2519 1
2189 2895 1
2191 2890 1
2194 2394 1
2194 2546 1
2199 2940 1
2200 2650 1
2202 2698 1
2204 2468 1
2207 2631 1
2208 2266 1
2208 2672 1
2209 2517 1
2211 2892 1
2212 2506 1
2212 2896 1
2213 2391 1
2217 2749 1
2219 2651 1
2220 2627 1
2220 2958 1
2222 2991 1
2223 2394 1
2224 2743 1
2226 2418 1
2226 2431 1
2226 2968 1
2229 2876 1
2237 2605 1
2241 2530 1
2242 2432 1
2243 2288 1
2243 2655 1
2244 2955 1
2247 2522 1
2248 2356 1
2248 2428 1
2253 2924 1
2260 2681 1
2260 2906 1
2266 2946 1
2267 2819 1
2268 2346 1
2273 2813 1
2278 2773 1
2280 2323 1
2280 2893 1
2285 2739 1
2286 2651 1
2288 2425 1
2297 2461 1
2299 2337 1
2300 2612 1
2302 2528 1
2302 2996 1
2306 2460 1
2308 2601 1
2308 2962 1
2310 2993 1
2313 2406 1
2313 2762 1
2317 2664 1
2318 2447 1
2318 2814 1
2319 2362 1
2328 2740 1
2329 2724 1
2329 2752 1
2331 2448 1
2336 2943 1
2338 2731 1
2342 2565 1
2346 2512 1
2346 2747 1
2347 2545 1
2350 2485 1
2352 2469 1
2354 2403 1
2354 2908 1
2355 2452 1
2355 2592 1
2355 2773 1
2357 2520 1
2359 2686 1
2367 2453 1
2372 2951 1
2375 2737 1
2381 2954 1
2385 2830 1
2385 2961 1
2399 2442 1
2400 2990 1
2405 2667 1
2411 2788 1
2417 2852 1
2420 2813 1
2420 2910 1
2425 2670 1
2425 2998 1
2426 2435 1
2428 2883 1
2434 2698 1
2435 2714 1
2435 2778 1
2436 2804 1
2439 2801 1
2450 2569 1
2451 2617 1
2451 2759 1
2470 2575 1
2474 2742 1
2474 2764 1
2476 2729 1
2486 2897 1
2492 2692 1
2492 2905 1
2493 2783 1
2499 2882 1
2504 2767 1
2505 2794 1
2509 2542 1
2510 2544 1
2510 2639 1
2518 2849 1
2521 2834 1
2522 2533 1
2523 2573 1
2523 2694 1
2527 2820 1
2529 2953 1
2531 2662 1
2532 2669 1
2535 2538 1
2536 2748 1
2537 2716 1
2538 2961 1
2539 2582 1
2539 2750 1
2565 2676 1
2565 2861 1
2565 2899 1
2569 2915 1
2570 2599 1
2571 2765 1
2576 2992 1
2584 2826 1
2589 2735 1
2596 2872 1
2598 2680 1
2599 2943 1
2601 2885 1
2602 2895 1
2603 2831 1
2605 2729 1
2619 2798 1
2622 2850 1
2648 2692 1
2648 2781 1
2648 2858 1
2648 2888 1
2654 2961 1
2667 2720 1
2682 2806 1
2696 2829 1
2705 2918 1
2708 2742 1
2711 2879 1
2714 2771 1
2716 2935 1
2719 2899 1
2722 2734 1
2729 2894 1
2742 2764 1
2749 2935 1
2757 2872 1
2760 2907 1
2797 2807 1
2818 2947 1
2833 2844 1
2843 2904 1
2843 2942 1
2854 2971 1
2872 2971 1
