3000 4500
1213 2213 1
1213 2555 1
1213 2440 1
2213 1051 1
2213 1938 1
1758 2013 1
1758 504 1
1758 783 1
2013 855 1
2013 1779 1
254 824 1
254 2801 1
254 1844 1
824 1788 1
824 2978 1
2549 2808 1
2549 1152 1
2549 2282 1
2808 2596 1
2808 1715 1
415 2764 1
415 2208 1
415 446 1
2764 1799 1
2764 1893 1
2575 2680 1
2575 1553 1
2575 1559 1
2680 2166 1
2680 2180 1
630 2423 1
630 2995 1
630 1702 1
2423 1244 1
2423 1676 1
2131 2789 1
2131 2435 1
2131 1444 1
2789 2023 1
2789 371 1
1261 2146 1
1261 211 1
1261 1605 1
2146 1766 1
2146 450 1
2027 2094 1
2027 2887 1
2027 2673 1
2094 1492 1
2094 261 1
1046 2895 1
1046 739 1
1046 1355 1
2895 1841 1
2895 139 1
262 2261 1
262 690 1
262 1939 1
2261 2461 1
2261 891 1
450 1000 1
450 1737 1
1000 1804 1
1000 472 1
1894 2961 1
1894 121 1
1894 2481 1
2961 2170 1
2961 1912 1
911 2298 1
911 2148 1
911 2461 1
2298 348 1
2298 1783 1
1355 2009 1
1355 2136 1
2009 1234 1
2009 2365 1
743 2305 1
743 917 1
743 2049 1
2305 1055 1
2305 26 1
675 1118 1
675 2633 1
675 2791 1
1118 1185 1
1118 769 1
89 1552 1
89 1038 1
89 467 1
1552 1911 1
1552 655 1
939 1722 1
939 833 1
939 1686 1
1722 1277 1
1722 1964 1
247 2892 1
247 425 1
247 2648 1
2892 1534 1
2892 2032 1
2223 2499 1
2223 1150 1
2223 2621 1
2499 944 1
2499 1149 1
901 1430 1
901 800 1
901 997 1
1430 2425 1
1430 191 1
2556 2559 1
2556 2407 1
2556 2854 1
2559 2259 1
2559 1468 1
1421 2814 1
1421 485 1
1421 1442 1
2814 1233 1
2814 860 1
818 1432 1
818 1278 1
818 808 1
1432 1934 1
1432 2245 1
1076 1956 1
1076 2472 1
1076 2923 1
1956 2540 1
1956 2519 1
475 1358 1
475 1326 1
475 2003 1
1358 803 1
1358 1278 1
355 2345 1
355 1710 1
355 2485 1
2345 1955 1
2345 692 1
576 2164 1
576 2222 1
576 2079 1
2164 1212 1
2164 1538 1
1591 1913 1
1591 2830 1
1591 2548 1
1913 2735 1
1913 1682 1
117 338 1
117 2787 1
117 1217 1
338 233 1
338 292 1
1150 1533 1
1150 2380 1
1533 2970 1
1533 2507 1
1652 2417 1
1652 359 1
1652 736 1
2417 2196 1
2417 1967 1
1403 2207 1
1403 2107 1
1403 131 1
2207 574 1
2207 2600 1
2015 2060 1
2015 807 1
2015 876 1
2060 2984 1
2060 324 1
656 2687 1
656 2768 1
656 291 1
2687 1818 1
2687 934 1
377 1811 1
377 1437 1
377 238 1
1811 1271 1
1811 495 1
2036 2528 1
2036 192 1
2036 11 1
2528 1086 1
2528 1106 1
422 1962 1
422 544 1
422 1424 1
1962 1963 1
1962 1475 1
1488 2022 1
1488 2652 1
1488 1823 1
2022 386 1
2022 2769 1
1939 2861 1
1939 110 1
2861 1718 1
2861 1233 1
365 1162 1
365 130 1
365 1216 1
1162 923 1
1162 271 1
360 1987 1
360 2338 1
360 2900 1
1987 1484 1
1987 416 1
1422 2714 1
1422 1935 1
1422 842 1
2714 2035 1
2714 2520 1
737 1479 1
737 1145 1
737 572 1
1479 719 1
1479 1989 1
430 1328 1
430 2893 1
430 1039 1
1328 793 1
1328 582 1
2039 2948 1
2039 2315 1
2039 1666 1
2948 904 1
2948 1291 1
444 1083 1
444 1044 1
444 2901 1
1083 865 1
1083 823 1
714 2893 1
714 462 1
714 1468 1
2893 949 1
617 1154 1
617 2765 1
617 557 1
1154 150 1
1154 1232 1
1215 1863 1
1215 536 1
1215 781 1
1863 1979 1
1863 1782 1
1708 2290 1
1708 731 1
1708 217 1
2290 2591 1
2290 163 1
1223 2541 1
1223 1792 1
1223 225 1
2541 1047 1
2541 465 1
1260 2917 1
1260 2301 1
1260 1901 1
2917 2725 1
2917 2557 1
569 2920 1
569 2072 1
569 1240 1
2920 2987 1
2920 2186 1
792 2583 1
792 336 1
792 538 1
2583 2743 1
2583 21 1
2569 2884 1
2569 1522 1
2569 1584 1
2884 25 1
2884 1541 1
1098 2101 1
1098 2416 1
1098 531 1
2101 1936 1
2101 970 1
946 2641 1
946 1609 1
946 1972 1
2641 2879 1
2641 1027 1
1202 2338 1
1202 1889 1
1202 2896 1
2338 376 1
958 1941 1
958 2224 1
958 1586 1
1941 819 1
1941 1896 1
425 163 1
425 2579 1
330 1097 1
330 887 1
330 2264 1
1097 1393 1
1097 661 1
607 817 1
607 1876 1
607 704 1
817 1262 1
817 2572 1
1984 2639 1
1984 1624 1
1984 673 1
2639 519 1
2639 468 1
1632 2825 1
1632 152 1
1632 2620 1
2825 2979 1
2825 554 1
674 2447 1
674 1125 1
674 2109 1
2447 1716 1
2447 1520 1
299 1109 1
299 1049 1
299 2562 1
1109 33 1
1109 523 1
288 2906 1
288 528 1
288 2599 1
2906 757 1
2906 1431 1
2068 2309 1
2068 2700 1
2068 2904 1
2309 304 1
2309 2554 1
38 1599 1
38 2397 1
38 186 1
1599 1662 1
1599 146 1
113 1513 1
113 2715 1
113 921 1
1513 2957 1
1513 2803 1
2251 2839 1
2251 524 1
2251 1382 1
2839 2454 1
2839 2671 1
2352 2513 1
2352 1248 1
2352 629 1
2513 1401 1
2513 2535 1
1880 2029 1
1880 2788 1
1880 1823 1
2029 520 1
2029 1079 1
452 799 1
452 1586 1
452 1464 1
799 1817 1
799 1782 1
211 2376 1
211 1057 1
35 2762 1
35 1262 1
35 2824 1
2762 580 1
2762 1888 1
1843 2227 1
1843 627 1
1843 2126 1
2227 1145 1
2227 2522 1
1252 2051 1
1252 1995 1
1252 2199 1
2051 686 1
2051 1949 1
934 2150 1
934 414 1
2150 2137 1
2150 2347 1
407 1730 1
407 61 1
407 756 1
1730 2032 1
1730 834 1
545 1106 1
545 638 1
545 1886 1
1106 1408 1
1210 2054 1
1210 2355 1
1210 1936 1
2054 2062 1
2054 2087 1
227 1391 1
227 1645 1
227 58 1
1391 846 1
1391 2936 1
995 1837 1
995 663 1
995 1779 1
1837 1739 1
1837 301 1
500 2303 1
500 1554 1
500 2255 1
2303 2742 1
2303 1610 1
1579 1628 1
1579 1899 1
1579 86 1
1628 2640 1
1628 2021 1
2788 879 1
2788 1605 1
600 1981 1
600 439 1
600 587 1
1981 2615 1
1981 1537 1
524 2679 1
524 1762 1
1013 1396 1
1013 354 1
1013 1507 1
1396 894 1
1396 1067 1
535 1772 1
535 1486 1
535 859 1
1772 268 1
1772 1518 1
2366 2681 1
2366 399 1
2366 2985 1
2681 2932 1
2681 795 1
584 990 1
584 1520 1
584 1487 1
990 331 1
990 1854 1
471 933 1
471 562 1
471 2099 1
933 1198 1
933 1211 1
631 922 1
631 1139 1
631 626 1
922 1307 1
922 2576 1
376 2093 1
376 1588 1
2093 433 1
2093 1072 1
1734 2441 1
1734 912 1
1734 2154 1
2441 1780 1
2441 1497 1
317 1549 1
317 2676 1
317 693 1
1549 2474 1
1549 1588 1
1750 2943 1
1750 670 1
1750 1879 1
2943 520 1
2943 2774 1
1885 2759 1
1885 1209 1
1885 696 1
2759 278 1
2759 1017 1
1226 1625 1
1226 2091 1
1226 396 1
1625 1357 1
1625 71 1
1453 2836 1
1453 2265 1
1453 1434 1
2836 1271 1
2836 296 1
2166 2363 1
2166 2477 1
2363 2299 1
2363 2611 1
298 1801 1
298 1404 1
298 733 1
1801 2517 1
1801 2042 1
1861 2810 1
1861 292 1
1861 374 1
2810 845 1
2810 2400 1
46 1171 1
46 2905 1
46 1113 1
1171 289 1
1171 2026 1
409 994 1
409 960 1
409 436 1
994 2258 1
994 597 1
2276 2909 1
2276 2922 1
2276 2157 1
2909 2008 1
2909 2011 1
550 2919 1
550 886 1
550 964 1
2919 1181 1
2919 1523 1
602 980 1
602 562 1
602 2716 1
980 2193 1
980 157 1
1766 2658 1
1766 185 1
2658 523 1
2658 2959 1
132 1997 1
132 160 1
132 774 1
1997 2332 1
1997 742 1
1307 1964 1
1307 1041 1
1964 124 1
768 1012 1
768 764 1
768 2307 1
1012 1541 1
1012 1785 1
1823 1742 1
1160 2848 1
1160 2189 1
1160 2382 1
2848 1338 1
2848 930 1
180 2419 1
180 2467 1
180 366 1
2419 1993 1
2419 59 1
1278 711 1
1911 2149 1
1911 1354 1
1582 2577 1
1582 140 1
1582 1593 1
2577 2632 1
2577 1470 1
278 510 1
278 609 1
510 315 1
510 2316 1
11 395 1
11 182 1
395 2584 1
395 2698 1
918 2268 1
918 2340 1
918 1095 1
2268 2205 1
2268 2472 1
849 1531 1
849 2881 1
849 1480 1
1531 2359 1
1531 1934 1
1998 2226 1
1998 898 1
1998 1498 1
2226 2704 1
2226 2081 1
1268 1743 1
1268 1613 1
1268 2452 1
1743 2891 1
1743 2495 1
663 724 1
663 2880 1
1469 2407 1
1469 2496 1
1469 1908 1
2407 965 1
531 2124 1
531 2450 1
2124 1030 1
2124 1368 1
519 1741 1
519 1195 1
1741 80 1
1741 215 1
2659 2911 1
2659 2206 1
2659 1243 1
2911 1601 1
2911 788 1
1853 2927 1
1853 291 1
1853 1704 1
2927 108 1
2927 501 1
1130 1400 1
1130 1975 1
1130 72 1
1400 2711 1
1400 463 1
1532 2841 1
1532 716 1
1532 1480 1
2841 2301 1
2841 363 1
61 926 1
61 1191 1
926 1557 1
926 2332 1
167 1847 1
167 2558 1
167 1527 1
1847 1514 1
1847 2464 1
1918 2010 1
1918 2916 1
1918 1972 1
2010 870 1
2010 1842 1
2083 2306 1
2083 1723 1
2083 1521 1
2306 1814 1
2306 1428 1
915 923 1
915 2404 1
915 2932 1
923 2709 1
2602 2642 1
2602 1048 1
2602 2735 1
2642 598 1
2642 400 1
1191 2752 1
1191 2333 1
1051 1341 1
1051 1247 1
1341 2322 1
1341 2445 1
812 830 1
812 1305 1
812 2280 1
830 439 1
830 942 1
896 2221 1
896 604 1
896 632 1
2221 1621 1
2221 2319 1
1448 1831 1
1448 33 1
1448 1172 1
1831 2154 1
1831 828 1
1356 1568 1
1356 2544 1
1356 47 1
1568 2432 1
1568 277 1
1125 2538 1
1125 2134 1
567 999 1
567 1862 1
567 1200 1
999 959 1
999 2682 1
3 1860 1
3 838 1
3 265 1
1860 1228 1
1860 494 1
1133 2579 1
1133 1550 1
1133 65 1
2579 1029 1
1354 1644 1
1354 1571 1
1644 2672 1
1644 748 1
289 410 1
289 2369 1
1696 2427 1
1696 487 1
1696 1436 1
2427 1781 1
2427 50 1
1569 2615 1
1569 2940 1
1569 949 1
2615 480 1
50 2695 1
50 689 1
2695 392 1
2695 920 1
1875 2807 1
1875 1395 1
1875 1759 1
2807 1281 1
2807 2882 1
1558 1968 1
1558 107 1
1558 2216 1
1968 507 1
1968 105 1
1919 2993 1
1919 2629 1
1919 2560 1
2993 1589 1
2993 2386 1
1539 1689 1
1539 1120 1
1539 1597 1
1689 80 1
1689 552 1
561 1370 1
561 1924 1
561 1461 1
1370 1003 1
1370 805 1
108 1882 1
108 2913 1
1882 2967 1
1882 821 1
10 2250 1
10 2216 1
10 2690 1
2250 564 1
2250 2779 1
316 370 1
316 284 1
316 1159 1
370 540 1
370 2219 1
2359 882 1
2359 1665 1
1304 2317 1
1304 986 1
1304 1081 1
2317 625 1
2317 880 1
194 1576 1
194 735 1
194 2081 1
1576 780 1
1576 2020 1
1659 2136 1
1659 1649 1
1659 1691 1
2136 1502 1
1417 1965 1
1417 1857 1
1417 2702 1
1965 1566 1
1965 616 1
1424 2907 1
1424 2041 1
2907 2066 1
2907 1503 1
457 903 1
457 2780 1
457 2156 1
903 19 1
903 860 1
41 1828 1
41 937 1
41 2230 1
1828 1809 1
1828 1870 1
534 1352 1
534 943 1
534 575 1
1352 485 1
1352 195 1
350 777 1
350 2949 1
350 1475 1
777 1571 1
777 969 1
798 1053 1
798 548 1
798 1172 1
1053 2737 1
1053 2996 1
1346 2170 1
1346 511 1
1346 397 1
2170 156 1
130 2653 1
130 26 1
2222 2478 1
2222 1605 1
2478 380 1
2478 2148 1
943 186 1
943 1638 1
744 2510 1
744 126 1
744 1196 1
2510 856 1
2510 2730 1
174 1454 1
174 2128 1
174 2249 1
1454 427 1
1454 259 1
2967 1838 1
2967 137 1
1251 2835 1
1251 1264 1
1251 67 1
2835 624 1
2835 622 1
2318 2860 1
2318 95 1
2318 2928 1
2860 2897 1
2860 2842 1
2128 665 1
2128 1135 1
209 774 1
209 1788 1
209 590 1
774 1765 1
1349 2998 1
1349 2492 1
1349 2361 1
2998 2585 1
2998 596 1
502 1176 1
502 2376 1
502 1427 1
1176 1156 1
1176 1746 1
754 2523 1
754 2019 1
754 1056 1
2523 1629 1
2523 963 1
1664 1841 1
1664 1081 1
1664 1977 1
1841 764 1
2326 2980 1
2326 703 1
2326 479 1
2980 1246 1
2980 274 1
372 1146 1
372 1111 1
372 476 1
1146 12 1
1146 1744 1
1143 2255 1
1143 2414 1
1143 736 1
2255 992 1
2135 2595 1
2135 862 1
2135 2744 1
2595 438 1
2595 416 1
228 378 1
228 769 1
228 1555 1
378 294 1
378 1934 1
1190 2187 1
1190 1101 1
1190 78 1
2187 1269 1
2187 2115 1
2380 2829 1
2380 951 1
13 1393 1
13 907 1
13 1286 1
1393 1476 1
485 2292 1
109 1855 1
109 2990 1
109 1951 1
1855 2833 1
1855 1177 1
281 1293 1
281 2640 1
281 771 1
1293 2930 1
1293 2203 1
1717 2347 1
1717 517 1
1717 863 1
2347 2754 1
397 2816 1
397 1794 1
2816 826 1
2816 1545 1
1244 1776 1
1244 1727 1
928 1778 1
928 718 1
928 188 1
1778 1374 1
1778 1173 1
546 1447 1
546 2918 1
546 139 1
1447 2666 1
1447 2832 1
796 2147 1
796 434 1
796 2736 1
2147 2453 1
2147 1720 1
700 1276 1
700 525 1
700 2178 1
1276 1825 1
1276 1467 1
266 2970 1
266 1647 1
266 1470 1
2970 1359 1
2182 2297 1
2182 836 1
2182 2203 1
2297 1351 1
2297 1900 1
2400 2785 1
2400 2771 1
2785 400 1
2785 509 1
232 2074 1
232 1072 1
232 2903 1
2074 688 1
2074 2992 1
511 654 1
511 2168 1
2249 676 1
2249 243 1
187 1285 1
187 1606 1
187 306 1
1285 1238 1
1285 619 1
203 735 1
203 715 1
203 2591 1
735 2900 1
333 1339 1
333 681 1
333 1282 1
1339 443 1
1339 2058 1
2446 2492 1
2446 861 1
2446 2388 1
2492 2167 1
2491 2643 1
2491 2842 1
2491 1068 1
2643 1833 1
2643 1184 1
2730 2925 1
2730 1457 1
2925 1419 1
2925 2766 1
1691 2739 1
1691 2584 1
2739 1206 1
2739 1018 1
662 2826 1
662 1367 1
662 2691 1
2826 1235 1
2826 1858 1
141 2337 1
141 2076 1
141 2867 1
2337 1638 1
2337 1500 1
589 627 1
589 2786 1
589 2775 1
627 1350 1
1937 2880 1
1937 273 1
1937 2536 1
2880 2872 1
1809 185 1
1809 2111 1
112 324 1
112 2399 1
112 2537 1
324 1940 1
692 719 1
692 1031 1
719 49 1
2263 2672 1
2263 2598 1
2263 2855 1
2672 2383 1
1169 2779 1
1169 2741 1
1169 43 1
2779 1483 1
1366 2390 1
1366 226 1
1366 491 1
2390 549 1
2390 2139 1
18 137 1
18 2797 1
18 2567 1
137 1678 1
1321 2239 1
1321 2890 1
1321 1023 1
2239 1478 1
2239 2702 1
1917 2938 1
1917 998 1
1917 853 1
2938 2191 1
2938 1907 1
402 2872 1
402 2391 1
402 1460 1
2872 556 1
80 840 1
1385 1765 1
1385 2296 1
1385 2159 1
1765 2273 1
684 2212 1
684 2442 1
684 1627 1
2212 671 1
2212 25 1
473 1620 1
473 462 1
473 2596 1
1620 572 1
1620 1751 1
1645 2973 1
1645 1439 1
2973 2205 1
2973 1930 1
2995 532 1
2995 107 1
2005 2233 1
2005 2281 1
2005 67 1
2233 1581 1
2233 804 1
624 2374 1
624 204 1
37 1318 1
37 2564 1
37 2551 1
1318 2905 1
1318 2663 1
2437 2793 1
2437 492 1
2437 1592 1
2793 1290 1
2793 1183 1
1982 2887 1
1982 2329 1
1982 1039 1
2887 1795 1
1335 1764 1
1335 1707 1
1335 242 1
1764 945 1
1764 219 1
296 346 1
296 2311 1
346 223 1
346 1415 1
1995 1510 1
1995 1953 1
755 2092 1
755 578 1
755 2310 1
2092 442 1
2092 2964 1
1476 2241 1
1476 2805 1
1731 2258 1
1731 2470 1
1731 1899 1
2258 772 1
1314 2235 1
1314 733 1
1314 51 1
2235 106 1
2235 1881 1
90 277 1
90 2200 1
90 469 1
277 2800 1
649 1961 1
649 1592 1
649 2302 1
1961 258 1
1961 2815 1
1277 2024 1
1277 1408 1
2024 1119 1
2024 1172 1
644 2526 1
644 848 1
644 2406 1
2526 835 1
2526 2716 1
1473 2902 1
1473 2661 1
1473 1906 1
2902 1774 1
2902 2671 1
897 2706 1
897 773 1
897 2377 1
2706 1788 1
2706 88 1
1310 2875 1
1310 2747 1
1310 973 1
2875 611 1
2875 259 1
210 873 1
210 2504 1
210 36 1
873 986 1
873 1529 1
34 1959 1
34 147 1
34 1481 1
1959 2482 1
1959 491 1
2257 2718 1
2257 302 1
2257 2512 1
2718 7 1
2718 145 1
2056 2436 1
2056 2604 1
2056 173 1
2436 2434 1
2436 336 1
1493 2322 1
1493 1796 1
1493 711 1
2322 2576 1
1751 2883 1
1751 2197 1
2883 2700 1
2883 2997 1
1127 1856 1
1127 2799 1
1127 1401 1
1856 2232 1
1856 2267 1
688 1414 1
688 252 1
1389 2530 1
1389 1857 1
1389 2349 1
2530 2463 1
2530 1504 1
2890 149 1
2890 2894 1
2019 551 1
2019 2581 1
2205 732 1
1829 2802 1
1829 2960 1
1829 2351 1
2802 1433 1
2802 689 1
1433 1147 1
1433 2708 1
801 1048 1
801 870 1
801 581 1
1048 286 1
1701 1979 1
1701 1495 1
1701 2341 1
1979 579 1
234 412 1
234 997 1
234 30 1
412 761 1
412 154 1
532 1506 1
532 1254 1
1189 2850 1
1189 153 1
1189 1303 1
2850 1206 1
2850 2832 1
1157 1735 1
1157 2897 1
1157 474 1
1735 2747 1
1735 948 1
1177 2387 1
1177 2278 1
2387 641 1
2387 136 1
1024 1062 1
1024 750 1
1024 1640 1
1062 1983 1
1062 1126 1
77 1102 1
77 2463 1
77 449 1
1102 1692 1
1102 2621 1
809 1137 1
809 1748 1
809 403 1
1137 1617 1
1137 842 1
47 1754 1
47 1567 1
1754 2547 1
1754 1436 1
592 2371 1
592 1364 1
592 1718 1
2371 2176 1
2371 2398 1
1 2312 1
1 2823 1
1 2286 1
2312 2287 1
2312 503 1
1200 2636 1
1200 843 1
2636 1334 1
2636 1005 1
293 1666 1
293 1888 1
293 1598 1
1666 1583 1
1134 1342 1
1134 1993 1
1134 2728 1
1342 1099 1
1342 2285 1
651 965 1
651 5 1
651 53 1
965 751 1
772 1929 1
772 1797 1
1929 1955 1
1929 200 1
166 1970 1
166 144 1
166 2768 1
1970 2137 1
1970 2130 1
1383 2986 1
1383 2158 1
1383 2799 1
2986 104 1
2986 657 1
1227 2818 1
1227 973 1
1227 2474 1
2818 2351 1
2818 295 1
427 2914 1
427 1084 1
2914 1368 1
2914 1397 1
1774 2987 1
1774 1296 1
2987 826 1
1140 1538 1
1140 151 1
1140 16 1
1538 2104 1
2075 2161 1
2075 261 1
2075 1099 1
2161 2444 1
2161 580 1
54 337 1
54 1434 1
54 2450 1
337 401 1
337 2439 1
1309 1459 1
1309 2034 1
1309 27 1
1459 162 1
1459 2137 1
1074 1184 1
1074 140 1
1074 2063 1
1184 916 1
978 2937 1
978 876 1
978 2692 1
2937 71 1
2937 1116 1
454 2522 1
454 1359 1
454 1018 1
2522 408 1
1279 1324 1
1279 340 1
1279 2539 1
1324 829 1
1324 2188 1
517 1904 1
517 2866 1
1904 1058 1
1904 696 1
1028 2645 1
1028 2016 1
1028 951 1
2645 2324 1
2645 1866 1
236 2708 1
236 862 1
236 2111 1
2708 1871 1
1262 1688 1
207 695 1
207 1610 1
207 2119 1
695 2760 1
695 2578 1
30 1148 1
30 1667 1
1148 463 1
1148 2373 1
710 1810 1
710 2410 1
710 665 1
1810 1796 1
1810 2792 1
523 2738 1
1571 775 1
1147 1067 1
1147 2353 1
243 2195 1
243 839 1
2195 2485 1
2195 2613 1
1110 1780 1
1110 2256 1
1110 260 1
1780 633 1
514 2280 1
514 2105 1
514 2248 1
2280 1619 1
66 2153 1
66 2665 1
66 2316 1
2153 2856 1
2153 1295 1
1535 1923 1
1535 2179 1
1535 413 1
1923 190 1
1923 914 1
272 2487 1
272 1684 1
272 264 1
2487 1690 1
2487 1612 1
970 2151 1
970 2143 1
2151 708 1
2151 563 1
555 2955 1
555 1009 1
555 826 1
2955 1890 1
2955 179 1
1283 1299 1
1283 1294 1
1283 20 1
1299 2175 1
1299 491 1
912 1243 1
912 1265 1
1243 846 1
1725 2169 1
1725 95 1
1725 441 1
2169 1059 1
2169 573 1
887 2869 1
887 218 1
36 2655 1
36 1008 1
2655 83 1
2655 1449 1
158 2501 1
158 2720 1
158 2152 1
2501 1198 1
2501 1418 1
24 2272 1
24 672 1
24 725 1
2272 486 1
2272 2408 1
2072 982 1
2072 1909 1
610 941 1
610 1294 1
610 382 1
941 1838 1
941 2945 1
1290 1603 1
1290 1218 1
1603 2242 1
1603 1595 1
369 2950 1
369 1498 1
369 241 1
2950 1622 1
2950 2396 1
2203 2467 1
2467 1665 1
1993 1629 1
1839 2685 1
1839 204 1
1839 2631 1
2685 99 1
2685 1749 1
1064 2014 1
1064 2459 1
1064 2674 1
2014 1668 1
2014 2483 1
1116 1158 1
1116 2966 1
1158 2960 1
1158 2389 1
14 1590 1
14 785 1
14 568 1
1590 2524 1
1590 704 1
2990 509 1
2990 1312 1
689 2189 1
2084 2781 1
2084 309 1
2084 2442 1
2781 1753 1
2781 245 1
721 2843 1
721 1362 1
721 1010 1
2843 595 1
2843 806 1
1080 2138 1
1080 212 1
1080 2754 1
2138 895 1
2138 459 1
125 1686 1
125 26 1
125 620 1
1686 1760 1
702 1289 1
702 446 1
702 1117 1
1289 2090 1
1289 2837 1
1499 2536 1
1499 641 1
1499 2554 1
2536 1960 1
1896 2172 1
1896 557 1
2172 706 1
2172 2521 1
2367 2840 1
2367 2121 1
2367 747 1
2840 599 1
2840 769 1
763 1793 1
763 2542 1
763 1597 1
1793 2692 1
1793 1906 1
1269 2568 1
1269 2025 1
2568 945 1
2568 2236 1
201 1681 1
201 1563 1
201 564 1
1681 594 1
1681 794 1
325 664 1
325 1602 1
325 501 1
664 2262 1
664 2627 1
1692 2113 1
1692 2771 1
2113 2620 1
2113 1746 1
854 2734 1
854 1114 1
854 2509 1
2734 1794 1
2734 2871 1
1218 1089 1
1218 819 1
789 2196 1
789 276 1
789 2669 1
2196 2403 1
2679 2563 1
2679 790 1
1360 2048 1
1360 55 1
1360 612 1
2048 2968 1
2048 1365 1
7 654 1
7 2991 1
917 1041 1
917 2314 1
1281 1138 1
1281 1104 1
1329 1423 1
1329 140 1
1329 2863 1
1423 2464 1
1423 599 1
670 993 1
670 246 1
890 2922 1
890 2508 1
890 2204 1
2922 1456 1
672 285 1
672 394 1
418 977 1
418 904 1
418 2262 1
977 2929 1
977 585 1
31 2517 1
31 208 1
31 2625 1
2517 633 1
1119 1204 1
1119 694 1
1204 1273 1
1204 563 1
1825 410 1
1825 570 1
1528 1897 1
1528 712 1
1528 2817 1
1897 1529 1
1897 1258 1
637 1838 1
637 820 1
637 2651 1
1727 2335 1
1727 883 1
2335 2253 1
2335 2002 1
2674 2969 1
2674 1165 1
2969 63 1
2969 2971 1
667 1043 1
667 957 1
667 1600 1
1043 961 1
1043 375 1
722 2965 1
722 547 1
722 22 1
2965 2012 1
2965 2597 1
1152 1514 1
1152 1498 1
1739 2983 1
1739 1732 1
2983 831 1
2983 387 1
107 971 1
971 2727 1
971 2588 1
720 1543 1
720 2724 1
720 647 1
1543 2634 1
1543 841 1
972 1944 1
972 2849 1
972 2633 1
1944 2289 1
1944 874 1
1398 2281 1
1398 2480 1
1398 2913 1
2281 513 1
131 2088 1
131 329 1
2088 2422 1
2088 1910 1
106 1915 1
106 1165 1
1915 2295 1
1915 1113 1
1217 2269 1
1217 1844 1
2269 2903 1
2269 1250 1
618 1452 1
618 2796 1
618 1978 1
1452 2503 1
1452 1443 1
1021 2065 1
1021 389 1
1021 537 1
2065 2328 1
2065 310 1
2120 2302 1
2120 1194 1
2120 1767 1
2302 2059 1
356 2206 1
356 2859 1
356 492 1
2206 518 1
2392 2910 1
2392 270 1
2392 2996 1
2910 1865 1
2910 955 1
1259 2531 1
1259 447 1
1259 419 1
2531 461 1
2531 853 1
2614 2694 1
2614 2837 1
2614 2073 1
2694 2103 1
2694 2112 1
2458 2855 1
2458 1331 1
2458 2265 1
2855 875 1
2158 810 1
2158 962 1
2949 1273 1
2949 2210 1
1198 944 1
121 2613 1
121 1879 1
785 405 1
785 39 1
313 932 1
313 2710 1
313 705 1
932 2580 1
932 334 1
98 1007 1
98 138 1
98 2426 1
1007 1456 1
1007 1833 1
1678 2600 1
1678 2334 1
2600 1347 1
598 936 1
598 2812 1
1006 2616 1
1006 2488 1
1006 2776 1
2616 925 1
2616 2308 1
1775 1895 1
1775 2293 1
1775 1562 1
1895 2360 1
1895 312 1
1386 2837 1
1386 1096 1
1386 1570 1
1601 1602 1
1601 2632 1
655 1455 1
655 2034 1
1455 877 1
1455 1674 1
2637 2942 1
2637 2424 1
2637 1642 1
2942 79 1
2942 1945 1
237 384 1
237 1170 1
237 1990 1
384 52 1
384 1308 1
668 1016 1
668 1594 1
668 2731 1
1016 2369 1
1016 249 1
931 1884 1
931 1974 1
931 728 1
1884 2102 1
1884 974 1
1212 1903 1
1212 2947 1
1903 2348 1
1903 1445 1
515 2729 1
515 1105 1
515 2452 1
2729 1816 1
2729 1542 1
1301 1337 1
1301 1869 1
1301 1996 1
1337 2160 1
1337 683 1
883 208 1
883 2438 1
2768 2512 1
1887 1957 1
1887 1073 1
1887 1142 1
1957 1685 1
1957 2667 1
2720 845 1
2720 1835 1
1771 2275 1
1771 1065 1
1771 1802 1
2275 2945 1
2275 2753 1
2079 2391 1
2079 507 1
2391 2871 1
2974 2978 1
2974 659 1
2974 2490 1
2978 1429 1
199 2114 1
199 188 1
199 2375 1
2114 1256 1
2114 1286 1
1395 629 1
1395 196 1
343 587 1
343 1525 1
343 2266 1
587 2605 1
1506 2881 1
1506 1334 1
1583 176 1
1583 1438 1
1796 2179 1
1799 2373 1
1799 2025 1
2373 1470 1
259 1985 1
1985 478 1
1985 17 1
732 2342 1
732 518 1
151 648 1
151 2963 1
1103 2935 1
1103 1902 1
1103 424 1
2935 122 1
2935 966 1
2190 2752 1
2190 252 1
2190 1466 1
2752 2804 1
301 935 1
301 2402 1
935 2188 1
935 1792 1
1670 2982 1
1670 55 1
1670 1942 1
2982 2879 1
2982 55 1
540 1560 1
540 1094 1
85 148 1
85 2784 1
85 2857 1
148 2011 1
148 1876 1
836 2469 1
836 429 1
275 2603 1
275 1958 1
275 1512 1
2603 2751 1
2603 2321 1
1429 2547 1
1429 539 1
2547 222 1
1773 2320 1
1773 64 1
1773 1402 1
2320 367 1
2320 734 1
2724 680 1
2724 1522 1
2287 658 1
2287 1319 1
2089 2822 1
2089 1203 1
2089 1042 1
2822 1648 1
2822 975 1
49 2431 1
49 279 1
2354 2896 1
2354 1090 1
2354 193 1
2896 2434 1
1055 164 1
1055 793 1
398 989 1
398 1405 1
398 2408 1
989 217 1
989 2594 1
1963 126 1
1963 1404 1
1038 1578 1
1038 2649 1
1578 1763 1
1578 827 1
1060 2420 1
1060 253 1
1060 2558 1
2420 2765 1
2420 2593 1
2542 2095 1
2542 1132 1
1067 1688 1
1715 2351 1
1715 1714 1
759 851 1
759 1486 1
759 240 1
851 2746 1
851 1540 1
1550 2958 1
1550 2827 1
2958 417 1
2958 2397 1
1457 1087 1
1457 104 1
1413 2315 1
1413 1010 1
1413 659 1
2315 1575 1
51 1030 1
51 2876 1
1030 1851 1
1254 1382 1
1254 1245 1
1206 2561 1
283 1187 1
283 1343 1
283 1687 1
1187 2964 1
1187 2622 1
562 2123 1
634 856 1
634 2102 1
634 603 1
856 1760 1
143 2870 1
143 1562 1
143 1123 1
2870 1412 1
2870 2618 1
2301 2020 1
2879 2634 1
944 837 1
2080 2894 1
2080 2278 1
2080 1634 1
2894 1124 1
1460 2246 1
1460 2157 1
2246 1373 1
2246 340 1
1435 2073 1
1435 647 1
1435 1439 1
2073 1505 1
1228 1999 1
1228 2626 1
2495 2956 1
2495 328 1
2956 2749 1
2956 32 1
183 1185 1
183 839 1
183 543 1
1185 1516 1
294 2981 1
294 1850 1
1071 2550 1
1071 566 1
1071 1132 1
2550 1791 1
2550 2285 1
309 467 1
309 2384 1
2842 2618 1
623 1902 1
623 19 1
623 2515 1
1902 226 1
742 2231 1
742 560 1
2231 738 1
2231 1409 1
780 1440 1
780 1031 1
1440 197 1
1440 2971 1
831 2740 1
831 2163 1
895 1427 1
895 2574 1
1427 983 1
56 97 1
56 2033 1
56 2497 1
97 1515 1
97 1815 1
116 1131 1
116 640 1
116 1526 1
1131 1657 1
1131 2632 1
1031 2989 1
1294 1509 1
1219 2570 1
1219 559 1
1219 2516 1
2570 431 1
2570 2753 1
723 2254 1
723 1464 1
723 1534 1
2254 2346 1
2254 2853 1
2564 2778 1
2564 1501 1
474 875 1
474 2421 1
875 2778 1
95 2505 1
2505 2622 1
2505 390 1
1437 666 1
1437 2069 1
565 1408 1
565 2533 1
565 285 1
1334 2112 1
716 2443 1
716 2988 1
2443 2939 1
2443 591 1
149 652 1
149 724 1
1022 1503 1
1022 2716 1
1022 2336 1
1503 2381 1
2012 1042 1
2012 784 1
124 2159 1
124 163 1
2159 1976 1
638 1477 1
638 767 1
1477 1179 1
1477 1755 1
1888 2144 1
945 1596 1
1567 2532 1
1567 245 1
214 2727 1
214 595 1
214 139 1
2727 1873 1
2929 874 1
2929 815 1
635 685 1
635 1712 1
635 2465 1
685 1676 1
685 2539 1
1795 2071 1
1795 2758 1
2264 2192 1
2264 40 1
1862 657 1
1862 521 1
800 2393 1
800 2409 1
528 2428 1
528 2548 1
2428 1695 1
2428 2356 1
1943 2493 1
1943 784 1
1943 1300 1
2493 40 1
2493 698 1
2376 2916 1
2647 2838 1
2647 2333 1
2647 1369 1
2838 2067 1
2838 648 1
1350 1570 1
1350 636 1
1570 771 1
981 1587 1
981 239 1
981 2098 1
1587 2108 1
1587 497 1
2805 2866 1
2805 940 1
2866 1159 1
2799 1511 1
948 2313 1
948 752 1
2313 811 1
2313 2143 1
297 1220 1
297 1462 1
297 2289 1
1220 2589 1
1220 2732 1
86 591 1
86 92 1
591 2617 1
964 2666 1
964 612 1
2666 899 1
349 2133 1
349 198 1
349 345 1
2133 65 1
2133 92 1
373 2527 1
373 1908 1
373 2047 1
2527 2524 1
2527 2776 1
761 645 1
761 1867 1
1683 2273 1
1683 2573 1
1683 2951 1
2273 2939 1
1996 2733 1
1996 101 1
2733 605 1
2733 508 1
2738 2812 1
2738 1151 1
2812 2364 1
2252 2430 1
2252 1167 1
2252 1842 1
2430 1412 1
2430 1738 1
605 1027 1
605 2473 1
391 2395 1
391 375 1
391 2545 1
2395 2025 1
2395 1079 1
2735 2082 1
186 791 1
2629 195 1
2629 1509 1
731 2500 1
731 91 1
2500 123 1
2500 482 1
1876 581 1
987 2017 1
987 2058 1
987 2004 1
2017 1971 1
2017 2524 1
1817 1720 1
1817 114 1
652 1188 1
652 1034 1
123 134 1
123 2057 1
1867 2475 1
1867 2484 1
2475 2975 1
2475 2649 1
268 2393 1
268 611 1
156 319 1
156 650 1
319 1789 1
319 1848 1
1709 2941 1
1709 1246 1
1709 1606 1
2941 2217 1
2941 998 1
2601 2699 1
2601 1612 1
2601 448 1
2699 1988 1
2699 2177 1
419 2090 1
419 1438 1
2090 480 1
503 571 1
503 1781 1
1384 1832 1
1384 463 1
1384 2761 1
1832 1742 1
1832 1604 1
764 1221 1
1221 1967 1
1221 2847 1
480 2365 1
2365 1635 1
1034 1719 1
1034 2253 1
1719 993 1
1719 1607 1
1114 1234 1
1114 1011 1
2470 176 1
2470 727 1
542 1522 1
542 1901 1
542 810 1
773 687 1
773 1323 1
1234 2506 1
1462 1271 1
1462 1194 1
997 154 1
2116 2397 1
2116 913 1
2116 1107 1
1415 2844 1
1415 1999 1
2844 481 1
2844 1025 1
482 1736 1
482 1414 1
1736 1557 1
1736 701 1
60 2538 1
60 2617 1
60 1705 1
2538 1168 1
240 1565 1
240 2031 1
1565 2379 1
1565 2224 1
318 2424 1
318 2439 1
318 1706 1
2424 900 1
1877 1971 1
1877 2798 1
1877 1874 1
1971 1675 1
1072 1238 1
622 1908 1
622 1690 1
2379 1442 1
2379 2329 1
1648 486 1
1648 1637 1
383 1241 1
383 1378 1
383 2755 1
1241 81 1
1241 2082 1
206 1316 1
206 1073 1
206 2076 1
1316 1836 1
1316 2202 1
1585 2882 1
1585 363 1
1585 2885 1
2882 586 1
1713 1756 1
1713 487 1
1713 453 1
1756 1802 1
1756 1505 1
340 1416 1
1466 1619 1
1466 314 1
1619 889 1
2757 2960 1
2757 246 1
2757 642 1
2149 248 1
2149 1784 1
2236 2434 1
2236 1580 1
1804 2926 1
1804 2868 1
2926 2471 1
2926 1280 1
133 657 1
133 164 1
133 1196 1
282 371 1
282 1529 1
282 45 1
371 312 1
1960 2901 1
1960 525 1
1575 1642 1
1575 1530 1
1642 2605 1
749 2732 1
749 1344 1
749 1615 1
2732 2829 1
2171 2719 1
2171 70 1
2171 2607 1
2719 653 1
2719 2040 1
242 829 1
242 302 1
829 23 1
358 366 1
358 2511 1
358 1199 1
366 1695 1
129 543 1
129 1906 1
129 375 1
543 1871 1
1081 533 1
1001 1555 1
1001 2108 1
1001 1508 1
1555 850 1
1404 1112 1
1236 2361 1
1236 2594 1
1236 1093 1
2361 1166 1
2760 1319 1
2760 927 1
2328 2915 1
2328 698 1
2063 2484 1
2063 2097 1
2484 1920 1
1494 2247 1
1494 1214 1
1494 2176 1
2247 682 1
2247 767 1
1181 2130 1
1181 650 1
492 1805 1
816 2003 1
816 62 1
816 2650 1
2003 807 1
1478 1295 1
1478 1077 1
1588 455 1
1596 2412 1
1596 924 1
1222 1379 1
1222 1711 1
1222 588 1
1379 2693 1
1379 2401 1
982 1745 1
982 1504 1
1465 2040 1
1465 765 1
1465 146 1
2040 2132 1
832 2393 1
832 2018 1
832 1208 1
1401 2454 1
2123 825 1
2123 1194 1
1540 2070 1
1540 2952 1
2070 335 1
2070 2834 1
239 2865 1
239 2402 1
52 2924 1
52 787 1
2924 1604 1
2924 466 1
455 2951 1
455 1554 1
1153 2713 1
1153 2145 1
1153 271 1
2713 1759 1
2713 1933 1
1947 2165 1
1947 1873 1
1947 2468 1
2165 2344 1
2165 1117 1
63 984 1
63 835 1
984 2830 1
984 1573 1
1246 979 1
115 1174 1
115 1274 1
115 2167 1
1174 729 1
1174 1640 1
629 2229 1
332 1517 1
332 2145 1
332 152 1
1517 300 1
1517 2291 1
578 2876 1
578 919 1
428 1225 1
428 2077 1
428 2253 1
1225 1178 1
1225 841 1
601 2465 1
601 1633 1
601 2055 1
2465 59 1
952 1002 1
952 2596 1
952 797 1
1002 251 1
1002 2096 1
2480 713 1
2480 348 1
544 1020 1
544 368 1
1675 2515 1
1675 1641 1
2539 2979 1
2979 1128 1
2640 573 1
574 2627 1
574 154 1
2627 1562 1
1009 2784 1
1009 2044 1
2784 2532 1
83 2588 1
83 12 1
478 513 1
478 233 1
686 321 1
686 2563 1
2324 1464 1
2324 658 1
347 1273 1
347 647 1
347 79 1
1798 1812 1
1798 459 1
1798 2610 1
1812 822 1
1812 434 1
1824 1950 1
1824 2525 1
1824 257 1
1950 956 1
1950 1677 1
706 1471 1
706 1186 1
1471 2327 1
1471 73 1
414 1183 1
414 2868 1
1183 1249 1
399 1079 1
399 609 1
1117 2237 1
2237 331 1
2237 2771 1
734 2356 1
734 751 1
2356 1450 1
572 2244 1
885 2754 1
885 2327 1
885 1017 1
284 2385 1
284 2119 1
2385 2820 1
2385 612 1
354 1577 1
354 2709 1
1577 230 1
1577 2660 1
2709 1410 1
1163 2878 1
1163 571 1
1163 68 1
2878 103 1
2878 593 1
2016 770 1
2016 762 1
937 1551 1
937 2139 1
1348 2106 1
1348 927 1
1348 1519 1
2106 2774 1
2106 1369 1
2168 2928 1
2168 537 1
2928 29 1
2404 460 1
2404 745 1
756 2905 1
756 1573 1
220 2665 1
220 1284 1
220 1129 1
2665 1852 1
2555 2769 1
2555 401 1
1560 501 1
1560 2066 1
839 953 1
953 620 1
953 1523 1
2034 1371 1
960 2798 1
960 200 1
750 804 1
750 341 1
2360 1859 1
2360 2558 1
1646 2479 1
1646 84 1
1646 382 1
2479 1426 1
2479 1966 1
287 705 1
287 389 1
287 940 1
705 1925 1
497 2650 1
497 825 1
2650 2867 1
2676 2845 1
2676 2972 1
2845 1330 1
2845 1040 1
1100 2534 1
1100 1822 1
1100 1047 1
2534 516 1
2534 1738 1
1419 2707 1
1419 2571 1
361 2460 1
361 101 1
361 967 1
2460 2744 1
2460 367 1
1037 2780 1
1037 1820 1
1037 2057 1
2780 2931 1
460 2619 1
460 988 1
2619 1087 1
2619 2471 1
718 2418 1
718 2772 1
348 1411 1
2796 973 1
2796 2518 1
899 699 1
899 666 1
2217 308 1
2217 2485 1
353 1589 1
353 1712 1
353 2026 1
1589 1063 1
2652 1426 1
2652 1380 1
464 2329 1
464 191 1
464 1808 1
172 1663 1
172 82 1
172 1250 1
1663 2756 1
1663 1446 1
1940 1544 1
1940 2628 1
1486 861 1
114 1164 1
114 1729 1
1164 118 1
1164 1920 1
548 2179 1
548 998 1
2284 2442 1
2284 2045 1
2284 2085 1
2506 2293 1
2506 432 1
2102 1878 1
443 1263 1
443 1297 1
1086 838 1
1086 185 1
1377 2820 1
1377 954 1
1377 579 1
2820 2819 1
421 1320 1
421 2644 1
421 2899 1
1320 2795 1
1320 2800 1
67 1991 1
1991 643 1
1991 1846 1
462 1806 1
188 1643 1
1643 1179 1
1643 1104 1
2533 879 1
2533 1275 1
2142 2394 1
2142 606 1
2142 1443 1
2394 2162 1
2394 1718 1
2145 1916 1
302 241 1
45 1926 1
45 1123 1
803 861 1
803 1138 1
2041 2985 1
2041 2933 1
2985 1557 1
1763 878 1
1763 82 1
1090 69 1
1090 804 1
1361 2997 1
1361 1025 1
1361 604 1
2997 740 1
1054 1614 1
1054 1443 1
1054 929 1
1614 76 1
1614 996 1
222 738 1
222 699 1
738 2552 1
894 1740 1
894 1787 1
2746 2193 1
2746 218 1
105 827 1
105 730 1
827 1866 1
216 1561 1
216 2008 1
216 2459 1
1561 423 1
1561 171 1
571 1598 1
1161 2414 1
1161 405 1
1161 757 1
2414 1258 1
2515 184 1
1671 2256 1
1671 2874 1
1671 2657 1
2256 472 1
2787 582 1
2787 1672 1
233 321 1
733 2336 1
2189 1336 1
19 712 1
1410 1546 1
1410 788 1
1168 2962 1
1168 876 1
2737 2225 1
2737 1840 1
2278 547 1
1095 2325 1
1095 855 1
2325 2865 1
2325 2747 1
2193 1834 1
687 1296 1
687 2061 1
1842 2897 1
2865 342 1
246 2110 1
197 575 1
197 1952 1
643 1935 1
643 2242 1
1935 2413 1
1096 2132 1
1096 1516 1
2613 815 1
2157 900 1
2140 2819 1
2140 1058 1
2140 2664 1
2819 951 1
869 1344 1
869 2031 1
869 1791 1
1344 2279 1
251 2952 1
251 910 1
1041 2288 1
1905 2544 1
1905 2921 1
1905 1088 1
2544 381 1
2584 1786 1
1638 976 1
2242 215 1
1586 525 1
181 1846 1
181 2062 1
181 1854 1
1846 608 1
690 820 1
690 2833 1
820 119 1
1156 1373 1
1156 126 1
1373 2932 1
147 2378 1
147 2451 1
2378 1288 1
2378 1211 1
604 1883 1
1372 2574 1
1372 2918 1
1372 87 1
2574 1331 1
843 1556 1
843 1159 1
1556 2299 1
1556 1784 1
458 1336 1
458 1514 1
458 1112 1
1336 1667 1
1700 2296 1
1700 1679 1
1700 2377 1
2296 2824 1
16 680 1
16 1654 1
1059 2608 1
1059 1527 1
2608 1886 1
2608 1306 1
2765 2289 1
1787 2035 1
1787 1265 1
2035 200 1
1827 2071 1
1827 2471 1
1827 342 1
2071 2931 1
1508 2620 1
1508 2710 1
966 2566 1
966 1747 1
2566 2184 1
2566 144 1
512 898 1
512 1388 1
512 2218 1
898 660 1
868 1994 1
868 1121 1
868 566 1
1994 1951 1
1994 1288 1
1988 2548 1
1988 881 1
597 713 1
597 1542 1
713 682 1
441 874 1
441 2519 1
1797 669 1
1797 411 1
162 2433 1
162 396 1
904 2999 1
2999 2770 1
2999 2180 1
1674 2243 1
1674 1928 1
2243 2707 1
2243 2854 1
1610 381 1
677 2957 1
677 2288 1
677 568 1
2957 2018 1
145 1873 1
145 2194 1
957 566 1
957 2007 1
1047 2490 1
2490 2972 1
1382 784 1
1602 2750 1
261 2791 1
1065 1232 1
1065 2670 1
1232 1033 1
1193 2055 1
1193 529 1
1193 327 1
2055 1431 1
969 2198 1
969 1345 1
2198 762 1
2198 767 1
879 2486 1
357 2457 1
357 2954 1
357 852 1
2457 84 1
2457 1650 1
765 2474 1
765 2953 1
81 2953 1
81 1201 1
682 1050 1
468 1507 1
468 2364 1
1507 1407 1
1456 2285 1
2700 2483 1
160 1141 1
160 1332 1
155 1721 1
155 2691 1
155 2968 1
1721 2590 1
1721 793 1
2829 1182 1
2369 2777 1
2777 779 1
2777 1035 1
536 1004 1
536 1230 1
1004 1371 1
1004 822 1
467 1446 1
1186 1033 1
1186 2078 1
625 1490 1
625 2508 1
1490 1720 1
1490 2086 1
87 2489 1
87 1900 1
2489 2701 1
2489 1077 1
1265 613 1
32 2553 1
32 1092 1
2553 72 1
2553 190 1
1101 795 1
1101 2661 1
927 2731 1
2731 1740 1
2175 2502 1
2175 2886 1
2502 1955 1
2502 146 1
8 1149 1
8 2308 1
8 1749 1
1149 2767 1
379 2862 1
379 53 1
379 1015 1
2862 138 1
2862 1640 1
326 1953 1
326 844 1
326 2466 1
1953 2940 1
770 2604 1
770 2064 1
2604 1208 1
405 1626 1
1040 2199 1
1040 1088 1
2199 840 1
438 882 1
438 741 1
882 2592 1
2469 2000 1
2469 2053 1
1036 2494 1
1036 1980 1
1036 1891 1
2494 1414 1
2494 218 1
729 2001 1
729 70 1
577 1800 1
577 993 1
577 2350 1
1800 2413 1
1800 632 1
2411 2635 1
2411 1835 1
2411 2455 1
2635 1714 1
2635 2945 1
2461 1229 1
2344 1566 1
2344 1526 1
1667 2037 1
1865 2052 1
1865 1850 1
2052 1826 1
2052 676 1
1392 2543 1
1392 1752 1
1392 1889 1
2543 1881 1
2543 608 1
2232 2050 1
2232 1066 1
2311 2006 1
2311 938 1
954 178 1
954 437 1
1235 2330 1
1235 2827 1
2330 1634 1
2330 2358 1
1534 1627 1
1949 21 1
1949 779 1
1287 1703 1
1287 557 1
1287 2511 1
1703 44 1
1703 704 1
1069 2792 1
1069 1836 1
1069 1893 1
2792 1449 1
2045 2593 1
2045 2992 1
1740 2087 1
1026 1927 1
1026 2435 1
1026 1872 1
1927 797 1
1927 2234 1
703 2038 1
703 2742 1
551 1783 1
551 2077 1
1783 2649 1
1390 2847 1
1390 1650 1
1390 1554 1
2847 2877 1
1989 2389 1
1989 476 1
2389 1323 1
1525 1821 1
1525 1256 1
2425 1231 1
2425 2722 1
787 2934 1
787 305 1
2740 1418 1
2740 1480 1
33 1631 1
215 1444 1
170 2994 1
170 506 1
170 2208 1
2994 2853 1
2994 448 1
128 1945 1
128 329 1
128 1676 1
1945 2259 1
853 2121 1
2121 1303 1
2004 2368 1
2004 2191 1
2368 380 1
2368 2775 1
119 2125 1
119 1178 1
2125 1621 1
2125 2503 1
1492 2751 1
1492 2181 1
2751 2218 1
2265 2755 1
956 2362 1
956 345 1
2362 5 1
2362 2202 1
78 1623 1
78 93 1
920 1622 1
920 1500 1
1622 996 1
974 1364 1
974 2006 1
1364 456 1
2482 2110 1
2482 1224 1
2453 1052 1
2453 1702 1
322 504 1
322 1564 1
322 490 1
504 1952 1
1280 1519 1
1280 2868 1
1519 1815 1
2968 229 1
1108 2087 1
1108 2783 1
1108 636 1
1762 2611 1
1762 351 1
2611 2122 1
1266 2295 1
1266 1257 1
1266 1794 1
2295 323 1
2067 1658 1
2067 976 1
509 660 1
2038 435 1
2038 1680 1
691 2701 1
691 507 1
691 2852 1
2701 1854 1
101 2607 1
2607 1231 1
205 858 1
205 65 1
205 1381 1
858 726 1
858 439 1
2934 2815 1
2934 1375 1
1231 2831 1
2831 1305 1
2831 1744 1
255 1124 1
255 2992 1
255 2630 1
1124 2592 1
975 1822 1
975 2204 1
1822 1380 1
976 1311 1
1249 2736 1
1249 1932 1
2736 2984 1
2874 2900 1
2874 2889 1
2064 1255 1
2064 1547 1
857 1049 1
857 2421 1
857 1258 1
1049 902 1
2966 374 1
2966 2248 1
165 2398 1
165 529 1
165 794 1
2398 1272 1
311 466 1
311 1018 1
311 1512 1
466 2587 1
2293 2270 1
1592 2858 1
2050 967 1
2050 665 1
1075 1536 1
1075 2061 1
1075 120 1
1536 583 1
1536 2020 1
1369 2508 1
1649 1409 1
1649 2405 1
1564 1580 1
1564 341 1
2798 936 1
776 1505 1
776 2047 1
776 1019 1
2294 2449 1
2294 2454 1
2294 1375 1
2449 2132 1
2449 2705 1
459 2930 1
2008 778 1
1238 2794 1
580 15 1
2692 1376 1
2006 1317 1
2218 2310 1
2310 2723 1
1892 2963 1
1892 2383 1
1892 175 1
2963 1044 1
1343 2646 1
1343 93 1
2384 2546 1
2384 2773 1
217 1574 1
925 2940 1
925 1753 1
579 992 1
1331 1992 1
1992 2455 1
1992 1087 1
1728 2711 1
1728 2229 1
1728 2277 1
2711 1974 1
2412 715 1
2412 1233 1
2343 2606 1
2343 2944 1
2343 420 1
2606 2673 1
2606 2046 1
290 1467 1
290 1058 1
290 2432 1
1467 303 1
270 645 1
270 603 1
840 1014 1
69 929 1
69 1425 1
878 2806 1
878 2339 1
2806 359 1
2806 1612 1
697 1333 1
697 2228 1
697 2773 1
1333 15 1
1333 508 1
1680 2936 1
1680 2333 1
2936 1388 1
300 230 1
300 2076 1
1155 2031 1
1155 161 1
1155 867 1
2954 1660 1
2954 2573 1
1684 2509 1
1684 2340 1
493 2586 1
493 2111 1
493 1201 1
2586 344 1
2586 2671 1
2091 1173 1
2091 560 1
848 1322 1
848 1264 1
1322 1420 1
1322 872 1
533 707 1
533 307 1
559 2468 1
559 1624 1
654 2975 1
2849 888 1
2849 1726 1
320 1611 1
320 1833 1
320 2156 1
1611 2466 1
1611 693 1
547 985 1
985 1977 1
985 1826 1
238 1807 1
238 1257 1
1807 484 1
1807 327 1
679 1958 1
679 2422 1
679 2830 1
1958 2904 1
1851 2939 1
1851 2712 1
1027 1010 1
411 1240 1
411 2705 1
1240 2648 1
2715 2675 1
2715 445 1
494 1769 1
494 1434 1
1769 2846 1
1769 406 1
660 1930 1
435 2357 1
435 258 1
2357 2551 1
2357 312 1
1073 406 1
12 942 1
942 291 1
907 639 1
907 1559 1
968 2591 1
968 280 1
968 2828 1
2194 2869 1
2194 2626 1
2869 472 1
2143 2355 1
2504 506 1
2504 1192 1
1359 881 1
2573 520 1
648 1483 1
461 880 1
461 2589 1
1085 2209 1
1085 1669 1
1085 1387 1
2209 2516 1
2209 786 1
1138 1574 1
1613 2185 1
1613 888 1
2185 2388 1
2185 2481 1
241 541 1
541 1593 1
541 2698 1
248 437 1
248 2283 1
437 42 1
328 2664 1
328 2977 1
2288 1948 1
2859 1598 1
2859 2889 1
741 1501 1
741 556 1
1501 389 1
445 456 1
445 1951 1
456 715 1
797 168 1
762 1481 1
1886 2971 1
2846 1451 1
2846 2743 1
400 122 1
2881 1416 1
881 1926 1
1926 646 1
498 813 1
498 1092 1
498 621 1
813 2514 1
813 1634 1
2332 2745 1
2191 619 1
1167 1874 1
1167 825 1
1874 1374 1
488 1931 1
488 2100 1
488 1983 1
1931 2852 1
1931 1668 1
2622 303 1
410 2599 1
1327 2766 1
1327 2644 1
1327 2141 1
2766 1618 1
5 1976 1
1566 1705 1
2148 2241 1
2241 1092 1
936 1397 1
1426 1922 1
136 725 1
136 1091 1
725 837 1
2011 73 1
76 1572 1
76 307 1
2388 2047 1
1967 646 1
2105 1175 1
2105 2989 1
2617 417 1
2516 1830 1
486 1699 1
447 1032 1
447 2396 1
1032 2725 1
1032 1803 1
150 1376 1
150 2112 1
2525 1572 1
2525 983 1
822 727 1
1347 1746 1
1347 2416 1
967 805 1
1247 2104 1
1247 1151 1
2104 2061 1
752 1753 1
752 252 1
367 909 1
2267 2722 1
2267 2349 1
2722 988 1
1263 2396 1
1263 2585 1
99 568 1
99 748 1
1303 2245 1
593 1845 1
593 310 1
1845 135 1
1845 1694 1
1925 2433 1
1925 2277 1
2433 2811 1
1635 558 1
1635 481 1
1685 2201 1
1685 1089 1
870 821 1
709 2959 1
709 310 1
709 2228 1
2959 1199 1
1669 386 1
1669 2670 1
842 1682 1
1682 1626 1
1952 1017 1
1272 833 1
1272 991 1
1806 1770 1
1806 2426 1
802 1237 1
802 40 1
802 1061 1
1237 431 1
1237 2590 1
2481 2173 1
1976 2873 1
1409 1203 1
1502 1548 1
1502 1088 1
1548 1468 1
1548 910 1
846 2624 1
1541 269 1
751 862 1
1523 477 1
2377 2026 1
2981 2450 1
2981 1305 1
2291 2382 1
2291 526 1
2382 9 1
1724 2155 1
1724 1518 1
1724 794 1
2155 1594 1
2155 1070 1
221 782 1
221 2921 1
221 280 1
782 2790 1
782 2483 1
481 596 1
2279 413 1
2279 2682 1
1572 2286 1
2286 505 1
1245 747 1
1245 1239 1
1141 2774 1
1141 746 1
2049 2885 1
2049 2314 1
2885 1868 1
2432 1298 1
1446 2821 1
2821 1209 1
2821 433 1
724 2342 1
2342 2509 1
1714 2444 1
1974 570 1
558 2219 1
558 1123 1
2801 1394 1
2801 513 1
1297 2612 1
1297 451 1
2612 327 1
2612 1748 1
919 1205 1
919 1093 1
1205 1661 1
1205 1864 1
94 2174 1
94 1694 1
94 2587 1
2174 1275 1
2174 1428 1
1300 1491 1
1300 1394 1
1491 1816 1
1491 2803 1
908 1604 1
908 2918 1
908 2346 1
1099 2270 1
1340 2201 1
1340 2119 1
1340 2341 1
2201 1698 1
2416 2763 1
2763 2726 1
2763 42 1
819 959 1
2464 594 1
487 2374 1
599 1302 1
484 2210 1
484 2180 1
730 1045 1
730 2667 1
1045 9 1
1045 2277 1
1145 728 1
1607 2401 1
1607 892 1
2401 2578 1
2299 274 1
1257 1057 1
2742 2350 1
2162 1973 1
2162 2176 1
2519 28 1
2903 2537 1
235 285 1
235 1699 1
235 100 1
1121 2098 1
1121 1008 1
2098 2323 1
671 1898 1
671 1881 1
1898 1091 1
1898 429 1
22 1489 1
22 1946 1
1489 615 1
1489 1818 1
144 2086 1
986 1078 1
161 1912 1
161 642 1
1912 1229 1
1485 2496 1
1485 1615 1
1485 387 1
2496 257 1
2095 2605 1
2095 758 1
1368 766 1
2988 2721 1
2988 2654 1
315 429 1
315 2581 1
1005 1779 1
1005 745 1
2975 307 1
902 673 1
902 2405 1
2790 202 1
2790 2521 1
860 432 1
815 1655 1
1655 39 1
1655 2744 1
2103 745 1
2103 886 1
2594 628 1
178 1716 1
178 396 1
1475 2346 1
2422 2415 1
1924 1639 1
1924 2684 1
1509 1639 1
280 2399 1
2399 1537 1
1326 2576 1
1326 336 1
757 1835 1
678 2854 1
678 2580 1
678 1015 1
1729 1196 1
1729 423 1
102 406 1
102 2216 1
102 2163 1
1207 2529 1
1207 1270 1
1207 1920 1
2529 2800 1
2529 1380 1
596 1472 1
1472 2977 1
1472 1697 1
404 893 1
404 2240 1
404 2141 1
893 2129 1
893 1790 1
646 58 1
606 619 1
606 1345 1
1826 2952 1
2110 48 1
938 2749 1
938 2689 1
2749 276 1
2001 2851 1
2001 2117 1
988 1029 1
1029 2628 1
231 1761 1
231 614 1
231 1840 1
1761 2429 1
1761 408 1
1629 707 1
1986 2266 1
1986 1593 1
1986 2670 1
2266 2181 1
43 249 1
43 872 1
249 2078 1
1274 2066 1
1274 866 1
489 1647 1
489 521 1
489 329 1
1647 1311 1
2644 2033 1
1025 1122 1
229 2192 1
229 385 1
1781 2572 1
1068 699 1
1068 2134 1
191 906 1
906 1654 1
906 2668 1
2245 2813 1
791 1755 1
791 88 1
1050 2702 1
1050 1338 1
2181 1928 1
1858 2238 1
1858 823 1
2238 1726 1
2238 393 1
1353 2331 1
1353 323 1
1353 708 1
2331 2631 1
2331 2183 1
469 2693 1
469 1166 1
2693 814 1
2292 1821 1
2292 269 1
2058 2677 1
2677 1524 1
2677 2546 1
2410 2144 1
2410 1311 1
811 2667 1
811 1482 1
1166 712 1
2661 171 1
1699 1250 1
594 2931 1
1574 1868 1
747 1357 1
2770 1679 1
2770 2683 1
264 2409 1
264 1107 1
2409 1631 1
845 2358 1
1275 2728 1
2710 2857 1
1091 1511 1
2473 2059 1
2473 2300 1
539 1216 1
539 1239 1
1216 1723 1
2794 1201 1
2794 1859 1
694 1584 1
694 44 1
1584 434 1
835 905 1
2901 2663 1
2853 1039 1
182 2375 1
182 2192 1
2375 1363 1
2259 1545 1
1376 1023 1
118 1864 1
118 962 1
2580 2445 1
104 1474 1
891 1496 1
891 2456 1
1496 1656 1
1496 93 1
1690 28 1
258 1834 1
1399 1786 1
1399 416 1
1399 2488 1
1786 1738 1
693 1889 1
746 1495 1
746 1066 1
253 305 1
253 1436 1
305 1752 1
1745 1785 1
1745 1306 1
1785 2871 1
1759 2623 1
2623 1697 1
2623 1362 1
669 2518 1
669 2230 1
17 1871 1
17 1325 1
29 2234 1
29 3000 1
380 2697 1
611 2946 1
582 2323 1
2323 344 1
138 1914 1
1857 2598 1
1544 1651 1
1544 1229 1
1651 2786 1
1651 2628 1
1834 2244 1
2244 2211 1
432 1066 1
910 1630 1
1630 2686 1
1630 2690 1
748 814 1
814 1510 1
1820 2327 1
1820 48 1
639 1946 1
639 2402 1
2783 442 1
2783 1325 1
1814 2451 1
1814 352 1
2451 1365 1
1712 2728 1
2899 1695 1
2899 212 1
961 2698 1
961 1381 1
1020 1869 1
1020 2624 1
1484 1111 1
1484 2767 1
959 991 1
2705 1658 1
1840 2817 1
2817 2753 1
1450 1616 1
1450 111 1
1616 786 1
1616 440 1
1757 1916 1
1757 1849 1
1757 1445 1
1916 863 1
1716 393 1
2675 257 1
2675 2554 1
1776 2557 1
1776 2638 1
2833 1687 1
2023 1056 1
2023 1524 1
538 2108 1
538 135 1
2592 1636 1
810 2339 1
914 1870 1
914 2021 1
1870 2334 1
2152 1144 1
2152 1057 1
1345 1371 1
202 1292 1
202 2372 1
1292 2383 1
1292 2144 1
1946 2462 1
2462 666 1
2462 388 1
1830 1211 1
1830 96 1
1511 1248 1
20 726 1
20 1975 1
726 2497 1
2270 1816 1
2609 2662 1
2609 807 1
2609 2886 1
2662 1661 1
2662 1606 1
448 1512 1
865 581 1
865 1242 1
2588 269 1
1482 1954 1
1482 1933 1
1954 1563 1
1954 564 1
909 2321 1
909 2069 1
2321 1313 1
708 2761 1
2795 483 1
2795 2775 1
2721 1673 1
2721 198 1
871 2703 1
871 554 1
871 1078 1
2703 153 1
2703 1608 1
1791 2560 1
2560 680 1
991 2741 1
2741 79 1
306 2638 1
306 947 1
2638 1070 1
1338 1767 1
2445 1542 1
2167 342 1
157 2429 1
157 522 1
2429 1547 1
53 100 1
223 1291 1
223 2353 1
1291 947 1
1983 595 1
177 1626 1
177 1697 1
177 1595 1
2631 1267 1
1936 1418 1
2032 1332 1
2086 681 1
2750 2888 1
2750 1284 1
788 387 1
1306 1082 1
1451 1182 1
1451 1296 1
431 1707 1
1707 196 1
1551 2933 1
1551 189 1
2933 1653 1
2507 2234 1
2507 844 1
1688 335 1
1420 1023 1
1420 190 1
1711 1180 1
1711 2486 1
2028 2220 1
2028 1790 1
2028 2535 1
2220 2282 1
2220 1175 1
1089 2668 1
2059 295 1
2858 499 1
2858 924 1
1792 75 1
1617 2097 1
1617 1463 1
2097 2684 1
2476 2761 1
2476 224 1
2476 2319 1
516 1850 1
516 613 1
823 1070 1
521 2122 1
426 2042 1
426 2100 1
426 2477 1
2042 1921 1
707 838 1
323 837 1
479 736 1
479 1656 1
1942 2976 1
1942 1179 1
2976 15 1
2976 1580 1
1752 1011 1
2 2797 1
2 1938 1
2 892 1
2797 2030 1
2921 1406 1
2229 4 1
641 1063 1
1063 2947 1
2743 2864 1
1618 1948 1
1618 1178 1
1948 2852 1
2282 1312 1
256 929 1
256 2271 1
256 553 1
2274 2518 1
2274 1581 1
2274 92 1
392 1052 1
392 2755 1
198 2571 1
2350 2669 1
1474 2582 1
1474 75 1
276 2996 1
363 2912 1
1195 1019 1
1195 1747 1
496 537 1
496 413 1
496 2540 1
1458 1672 1
1458 1677 1
1458 1197 1
1672 420 1
1003 1128 1
1003 2953 1
1128 1815 1
2916 1197 1
2184 683 1
2184 2962 1
2248 1623 1
921 950 1
921 2697 1
303 1999 1
1357 2908 1
394 2597 1
394 2767 1
2597 1973 1
344 1693 1
1693 2625 1
1693 208 1
1052 267 1
950 554 1
950 924 1
549 2426 1
549 2099 1
2154 1136 1
2913 728 1
2085 2336 1
2085 244 1
527 2717 1
527 1637 1
527 2107 1
2717 1463 1
2717 2621 1
1442 477 1
1524 2126 1
9 1749 1
339 1879 1
339 403 1
339 1431 1
739 1175 1
739 2214 1
1760 2653 1
440 2834 1
440 947 1
2834 2664 1
2177 2684 1
2177 135 1
483 1518 1
483 2129 1
658 2418 1
2418 91 1
103 2690 1
103 72 1
1891 3000 1
1891 1900 1
3000 1077 1
1113 64 1
766 1313 1
766 2813 1
1313 196 1
613 1035 1
2018 1537 1
505 1623 1
505 1658 1
2077 134 1
2856 1317 1
2856 1553 1
195 286 1
506 1487 1
1170 1375 1
1170 2809 1
1910 1374 1
1910 449 1
1312 2712 1
2431 2115 1
2431 1411 1
1559 1282 1
64 983 1
2225 1704 1
2225 1819 1
620 71 1
1042 1848 1
74 1966 1
74 889 1
74 1365 1
1966 2912 1
2552 2723 1
2552 2758 1
2723 2202 1
2100 292 1
1615 1286 1
2183 1253 1
2183 213 1
152 573 1
863 1084 1
331 1600 1
614 2590 1
614 2000 1
1495 2468 1
2355 1545 1
2562 2772 1
2562 1139 1
2772 127 1
212 889 1
2374 2748 1
2141 2370 1
2370 219 1
2370 1660 1
1129 2403 1
1129 2262 1
2403 1315 1
1520 225 1
2769 2683 1
2877 2863 1
2877 2923 1
1704 213 1
2691 1836 1
1516 436 1
552 1405 1
552 1705 1
153 586 1
164 1932 1
1323 1510 1
1136 2886 1
1136 265 1
2813 1209 1
2585 1180 1
717 1267 1
717 184 1
717 1668 1
1267 1094 1
2340 2007 1
2228 2898 1
2707 127 1
1637 1852 1
91 2803 1
173 1813 1
173 204 1
1813 2043 1
1813 1609 1
1710 913 1
1710 905 1
2876 2633 1
2240 701 1
2240 2408 1
1694 2682 1
110 2782 1
110 1893 1
2782 2160 1
2782 1132 1
783 2007 1
783 1661 1
930 2828 1
930 2535 1
2828 2582 1
859 642 1
859 273 1
1660 886 1
2210 916 1
852 2421 1
852 2520 1
1656 2117 1
2634 2511 1
2219 1504 1
345 2540 1
477 2696 1
2696 2156 1
2696 2386 1
2497 334 1
184 1805 1
1805 2372 1
2486 2745 1
2745 2081 1
1723 2118 1
2989 1748 1
2725 659 1
1597 1173 1
2593 1082 1
168 1308 1
168 1105 1
1308 1742 1
403 847 1
775 2832 1
775 2704 1
1673 2557 1
1673 806 1
250 2689 1
250 2514 1
250 499 1
2689 1019 1
2512 1406 1
892 1747 1
39 48 1
805 1868 1
1255 847 1
1255 2334 1
2867 2646 1
364 2567 1
364 2697 1
364 1093 1
2567 1530 1
1351 2488 1
1351 1980 1
1487 1126 1
265 1770 1
1770 661 1
640 2587 1
640 2964 1
1199 44 1
633 2053 1
2053 1609 1
979 1872 1
979 1425 1
1872 390 1
2514 352 1
1547 2851 1
760 2099 1
760 1553 1
760 2864 1
1848 2811 1
1378 1883 1
1378 1151 1
1883 1732 1
2726 2824 1
2726 583 1
1332 2610 1
27 2364 1
27 2778 1
374 2300 1
1402 2096 1
1402 1463 1
2096 590 1
808 1208 1
808 2127 1
570 1802 1
2888 1107 1
2888 1270 1
453 1654 1
453 1890 1
650 1444 1
1284 1869 1
753 905 1
753 841 1
753 526 1
1302 2804 1
1302 1416 1
2804 1706 1
2498 2565 1
2498 2444 1
2498 621 1
2565 1230 1
2565 2669 1
465 1112 1
465 1581 1
334 2349 1
96 1803 1
96 2204 1
1803 636 1
1044 2545 1
2545 1631 1
192 1253 1
192 1818 1
122 1789 1
2610 2891 1
2891 2037 1
556 1406 1
518 864 1
1461 1521 1
1461 2200 1
1521 1295 1
2173 245 1
2173 213 1
2459 661 1
368 2118 1
368 1139 1
2118 628 1
2463 2809 1
6 2668 1
6 740 1
6 388 1
621 2563 1
1627 142 1
2786 2046 1
386 821 1
2477 2748 1
2748 2186 1
1973 2455 1
560 603 1
1732 2630 1
2630 1938 1
1621 1527 1
2521 1782 1
1899 583 1
1844 2122 1
1819 1789 1
1819 2944 1
446 2260 1
2230 778 1
681 1726 1
84 1978 1
2646 2660 1
2314 1203 1
388 653 1
653 2208 1
1248 711 1
1008 159 1
877 790 1
877 2572 1
2043 2439 1
2043 1737 1
673 2348 1
586 1657 1
1657 169 1
2372 2415 1
2415 263 1
888 2873 1
390 866 1
553 2791 1
553 1061 1
2551 1115 1
2307 1677 1
2307 963 1
490 2857 1
490 844 1
2599 1387 1
1445 2406 1
2406 2663 1
1033 225 1
352 1481 1
880 1975 1
433 2215 1
2589 58 1
2811 2109 1
70 962 1
308 866 1
308 1411 1
1264 1330 1
2546 1298 1
1563 2319 1
57 2452 1
57 4 1
57 1407 1
963 1922 1
806 1633 1
159 1907 1
159 529 1
940 2656 1
1015 1932 1
1702 2304 1
219 2991 1
2915 470 1
2915 2339 1
274 1515 1
2435 1094 1
420 2625 1
1122 1914 1
1122 2215 1
1914 142 1
193 2456 1
193 795 1
1767 23 1
2405 2134 1
2308 1142 1
2021 2062 1
1387 2283 1
1933 1662 1
1180 499 1
100 1921 1
676 2214 1
2214 362 1
867 2648 1
867 616 1
1808 2448 1
1808 2186 1
2448 1737 1
2448 1105 1
2827 1441 1
1733 2683 1
1733 2160 1
1733 847 1
449 1497 1
1497 2823 1
263 1078 1
263 1636 1
1755 864 1
2353 1363 1
2109 351 1
2758 828 1
696 2864 1
1849 179 1
1849 872 1
2348 2130 1
590 286 1
508 1969 1
1969 2688 1
1969 2127 1
855 1930 1
1412 267 1
1330 2571 1
1144 2946 1
1144 1636 1
442 2863 1
351 2107 1
381 1608 1
68 2578 1
68 2163 1
727 1188 1
1821 1768 1
1394 1878 1
1317 2466 1
1363 2686 1
913 1425 1
1608 2678 1
2678 1011 1
2678 2117 1
21 1768 1
2000 2873 1
916 1224 1
1224 1790 1
2654 1381 1
2654 1595 1
2126 1315 1
1662 1990 1
1624 1192 1
683 1405 1
2082 2304 1
2304 1653 1
645 1928 1
1319 1197 1
2200 2951 1
2704 1972 1
2456 2044 1
2851 1298 1
628 1315 1
1650 1980 1
1282 1388 1
2057 1214 1
1907 2815 1
2673 588 1
417 2178 1
992 2271 1
1744 1890 1
2046 142 1
2358 2908 1
1014 1901 1
1014 2598 1
28 864 1
1679 2440 1
2440 1768 1
385 1061 1
385 111 1
1230 949 1
1687 82 1
4 2686 1
2944 1438 1
740 451 1
2033 2656 1
588 111 1
23 1922 1
134 1104 1
1253 2946 1
1188 224 1
1515 175 1
1977 778 1
314 2712 1
314 1698 1
996 2889 1
335 2651 1
321 850 1
850 701 1
608 900 1
179 495 1
2224 1056 1
1665 2624 1
226 2532 1
1573 585 1
1035 304 1
1852 2413 1
1594 2972 1
1126 1641 1
1641 2537 1
2381 2656 1
2381 2991 1
2211 834 1
2211 1777 1
575 1859 1
2069 295 1
2078 59 1
2002 1084 1
2002 2912 1
781 2438 1
781 2316 1
2438 526 1
771 609 1
530 1135 1
530 1270 1
530 1115 1
1135 359 1
1784 362 1
2129 2561 1
2561 779 1
436 1530 1
2688 1600 1
2688 1909 1
1256 2283 1
341 1441 1
1441 424 1
42 2197 1
2197 1428 1
267 2626 1
786 2651 1
1878 1909 1
2030 1242 1
2030 62 1
25 1362 1
401 758 1
1449 2776 1
790 522 1
1182 626 1
1407 1397 1
2930 2908 1
2044 271 1
393 1483 1
230 2215 1
1633 1439 1
1239 2823 1
2809 260 1
2188 175 1
408 2977 1
2582 189 1
1325 632 1
176 2127 1
1082 2773 1
522 2115 1
451 2618 1
88 279 1
279 2923 1
189 1120 1
758 2260 1
62 1165 1
585 2653 1
304 1866 1
834 1639 1
120 244 1
120 1546 1
244 2947 1
1990 615 1
833 1115 1
698 1192 1
1111 2904 1
2037 2341 1
1921 2386 1
616 423 1
615 470 1
1546 1367 1
169 476 1
169 2178 1
2300 171 1
1864 362 1
2962 224 1
1142 1777 1
1777 1120 1
127 2898 1
2657 955 1
2657 1653 1
470 75 1
73 884 1
884 382 1
884 626 1
828 1526 1
2984 1214 1
2581 2271 1
260 1288 1
424 495 1
2260 1978 1
1367 2139 1
273 2756 1
955 2898 1
563 2503 1
1242 2660 1
2472 2520 1
1698 1706 1
2756 1500 1
