3000 6000
2397 2903 1
2397 707 1
2397 1764 1
2397 506 1
2903 552 1
2903 146 1
2903 2328 1
1182 1588 1
1182 134 1
1182 2519 1
1182 2950 1
1588 2138 1
1588 1047 1
1588 2226 1
308 795 1
308 224 1
308 47 1
308 2485 1
795 349 1
795 105 1
795 222 1
383 1383 1
383 2049 1
383 2470 1
383 830 1
1383 1612 1
1383 387 1
1383 599 1
1692 2333 1
1692 1009 1
1692 2865 1
1692 2052 1
2333 818 1
2333 2163 1
2333 454 1
966 1475 1
966 899 1
966 171 1
966 508 1
1475 309 1
1475 2112 1
1475 1417 1
1103 1709 1
1103 1643 1
1103 1809 1
1103 2897 1
1709 845 1
1709 478 1
1709 127 1
1217 1959 1
1217 2141 1
1217 961 1
1217 1407 1
1959 2800 1
1959 1673 1
1959 2191 1
310 1026 1
310 2908 1
310 1727 1
310 2516 1
1026 259 1
1026 1756 1
1026 2136 1
1466 2700 1
1466 2130 1
1466 1675 1
1466 2510 1
2700 2088 1
2700 2436 1
2700 996 1
1190 1304 1
1190 642 1
1190 2491 1
1190 412 1
1304 2803 1
1304 2147 1
1304 2005 1
711 1306 1
711 1847 1
711 2816 1
711 2554 1
1306 718 1
1306 2186 1
1306 1328 1
742 2605 1
742 2543 1
742 928 1
742 521 1
2605 1145 1
2605 791 1
2605 1339 1
217 1737 1
217 1284 1
217 439 1
217 2026 1
1737 700 1
1737 66 1
1737 2132 1
452 2543 1
452 2445 1
452 2572 1
452 889 1
2543 748 1
2543 1454 1
187 1040 1
187 298 1
187 1995 1
187 372 1
1040 1115 1
1040 2750 1
1040 84 1
2802 2965 1
2802 2734 1
2802 18 1
2802 2670 1
2965 199 1
2965 1387 1
2965 574 1
438 2379 1
438 2351 1
438 1033 1
438 2618 1
2379 1851 1
2379 1489 1
2379 44 1
1648 2532 1
1648 576 1
1648 981 1
1648 2460 1
2532 1715 1
2532 2986 1
2532 547 1
238 2964 1
238 1206 1
238 1824 1
238 874 1
2964 628 1
2964 841 1
2964 2785 1
1372 2893 1
1372 336 1
1372 2118 1
1372 1972 1
2893 2707 1
2893 2759 1
2893 558 1
1031 2600 1
1031 2273 1
1031 2433 1
1031 329 1
2600 2601 1
2600 2046 1
2600 1205 1
79 2382 1
79 24 1
79 1477 1
79 2576 1
2382 555 1
2382 2022 1
2382 129 1
1478 1599 1
1478 1299 1
1478 2470 1
1478 939 1
1599 1788 1
1599 1206 1
1599 280 1
590 908 1
590 1499 1
590 556 1
590 1333 1
908 2318 1
908 240 1
908 2258 1
828 965 1
828 283 1
828 2185 1
828 1830 1
965 2788 1
965 2467 1
965 1223 1
759 1094 1
759 584 1
759 2501 1
759 1050 1
1094 2301 1
1094 1370 1
1094 1819 1
855 1556 1
855 1320 1
855 2914 1
855 2155 1
1556 1434 1
1556 17 1
1556 2381 1
1775 2236 1
1775 970 1
1775 1035 1
1775 2431 1
2236 849 1
2236 237 1
2236 2431 1
135 220 1
135 2216 1
135 1063 1
135 1822 1
220 335 1
220 2241 1
220 117 1
434 745 1
434 627 1
434 6 1
434 1324 1
745 1078 1
745 1689 1
745 1181 1
1093 1613 1
1093 1986 1
1093 610 1
1093 1698 1
1613 499 1
1613 2347 1
1613 341 1
107 121 1
107 2217 1
107 2375 1
107 389 1
121 1562 1
121 1609 1
121 1657 1
638 1743 1
638 2029 1
638 2833 1
638 1021 1
1743 227 1
1743 441 1
1743 1856 1
1663 2934 1
1663 620 1
1663 885 1
1663 1885 1
2934 1231 1
2934 637 1
2934 235 1
1164 1264 1
1164 1829 1
1164 612 1
1164 517 1
1264 697 1
1264 415 1
1264 2246 1
1969 2186 1
1969 2740 1
1969 1287 1
1969 2261 1
2186 2253 1
2186 758 1
879 2034 1
879 730 1
879 2266 1
879 2463 1
2034 1473 1
2034 1412 1
2034 241 1
106 1330 1
106 2994 1
106 1995 1
106 2412 1
1330 2270 1
1330 812 1
1330 2423 1
2718 2984 1
2718 1602 1
2718 1200 1
2718 347 1
2984 2278 1
2984 2037 1
2984 1476 1
2410 2868 1
2410 2332 1
2410 1432 1
2410 165 1
2868 1502 1
2868 2251 1
2868 746 1
899 893 1
899 2317 1
899 1131 1
1195 1782 1
1195 1841 1
1195 1944 1
1195 1747 1
1782 1480 1
1782 2056 1
1782 588 1
570 1693 1
570 2623 1
570 272 1
570 1946 1
1693 1900 1
1693 751 1
1693 1507 1
2277 2460 1
2277 2162 1
2277 608 1
2277 1147 1
2460 1456 1
2460 2003 1
1950 2065 1
1950 595 1
1950 406 1
1950 2144 1
2065 2329 1
2065 2885 1
2065 359 1
869 979 1
869 1471 1
869 669 1
869 2825 1
979 1286 1
979 2067 1
979 2030 1
285 1682 1
285 1092 1
285 1272 1
285 2092 1
1682 1975 1
1682 2257 1
1682 1047 1
230 1746 1
230 2947 1
230 145 1
230 1443 1
1746 2263 1
1746 2181 1
1746 2222 1
958 2219 1
958 85 1
958 946 1
958 1522 1
2219 1937 1
2219 2387 1
2219 618 1
407 2345 1
407 2269 1
407 1681 1
407 1749 1
2345 2518 1
2345 1422 1
2345 2188 1
864 2032 1
864 404 1
864 2195 1
864 994 1
2032 2004 1
2032 2628 1
2032 1153 1
296 2221 1
296 2127 1
296 1319 1
296 697 1
2221 1531 1
2221 1780 1
2221 1149 1
677 2327 1
677 2501 1
677 2303 1
677 1365 1
2327 665 1
2327 2998 1
2327 2251 1
133 1705 1
133 2057 1
133 824 1
133 2083 1
1705 1074 1
1705 615 1
1705 560 1
1771 2076 1
1771 278 1
1771 219 1
1771 181 1
2076 1734 1
2076 2845 1
2076 1405 1
986 2789 1
986 2703 1
986 579 1
986 2310 1
2789 1786 1
2789 158 1
2789 1831 1
43 1933 1
43 2432 1
43 262 1
43 2668 1
1933 2278 1
1933 747 1
1933 2603 1
271 1760 1
271 2437 1
271 2288 1
271 2631 1
1760 1884 1
1760 1711 1
1760 1563 1
1848 2969 1
1848 110 1
1848 1611 1
1848 628 1
2969 2544 1
2969 701 1
2969 2571 1
1439 1458 1
1439 2977 1
1439 931 1
1439 239 1
1458 2000 1
1458 1487 1
1458 2593 1
248 766 1
248 2853 1
248 738 1
248 724 1
766 234 1
766 829 1
766 875 1
754 1126 1
754 256 1
754 1493 1
754 157 1
1126 1855 1
1126 710 1
1126 2816 1
1104 2673 1
1104 1786 1
1104 672 1
1104 392 1
2673 1214 1
2673 1958 1
2673 1659 1
20 2299 1
20 761 1
20 2261 1
20 912 1
2299 1038 1
2299 2478 1
2299 2256 1
624 1016 1
624 1647 1
624 299 1
624 1083 1
1016 2640 1
1016 2688 1
1016 1801 1
1303 1799 1
1303 806 1
1303 374 1
1303 2651 1
1799 142 1
1799 1828 1
1799 1714 1
1442 2143 1
1442 54 1
1442 1489 1
1442 2764 1
2143 1199 1
2143 2881 1
2143 152 1
99 1316 1
99 1283 1
99 1256 1
99 1257 1
1316 2430 1
1316 1077 1
1316 2704 1
1389 1987 1
1389 692 1
1389 1260 1
1389 2947 1
1987 2204 1
1987 988 1
1987 2441 1
1198 2456 1
1198 493 1
1198 2580 1
1198 2824 1
2456 2719 1
2456 416 1
2456 844 1
108 2533 1
108 2997 1
108 457 1
108 49 1
2533 834 1
2533 662 1
2533 2140 1
307 1201 1
307 563 1
307 1766 1
307 1660 1
1201 1393 1
1201 2777 1
1201 1356 1
2195 2272 1
2195 1271 1
2195 120 1
2272 300 1
2272 1352 1
2272 1801 1
1214 1353 1
1214 2705 1
1214 577 1
1353 1758 1
1353 184 1
1353 1464 1
541 2536 1
541 2537 1
541 1831 1
541 1647 1
2536 1932 1
2536 800 1
2536 1254 1
770 1349 1
770 1258 1
770 2608 1
770 456 1
1349 1422 1
1349 2579 1
1349 1180 1
2153 2211 1
2153 83 1
2153 1642 1
2153 1658 1
2211 2834 1
2211 168 1
2211 2029 1
90 1553 1
90 489 1
90 799 1
90 1464 1
1553 623 1
1553 170 1
1553 1569 1
1726 1915 1
1726 932 1
1726 2482 1
1726 206 1
1915 712 1
1915 2302 1
1915 353 1
215 1733 1
215 354 1
215 190 1
215 2073 1
1733 114 1
1733 61 1
1733 1742 1
940 2174 1
940 2099 1
940 2335 1
940 873 1
2174 2021 1
2174 403 1
2174 2757 1
446 1373 1
446 900 1
446 2369 1
446 1930 1
1373 1257 1
1373 1133 1
1373 126 1
1643 2742 1
1643 1055 1
1643 419 1
593 2295 1
593 2463 1
593 2467 1
593 1822 1
2295 1378 1
2295 382 1
2295 178 1
576 2651 1
576 328 1
576 2002 1
2651 2575 1
2651 1033 1
1173 2641 1
1173 76 1
1173 2623 1
1173 2989 1
2641 1829 1
2641 1596 1
2641 591 1
113 675 1
113 1864 1
113 2728 1
113 2459 1
675 122 1
675 553 1
675 23 1
1441 1638 1
1441 1763 1
1441 2513 1
1441 727 1
1638 2079 1
1638 2991 1
1638 2938 1
180 2422 1
180 394 1
180 2225 1
180 2473 1
2422 1101 1
2422 2503 1
2422 373 1
988 2824 1
988 938 1
988 627 1
2824 2612 1
2824 1508 1
499 469 1
499 2107 1
499 1086 1
1791 2919 1
1791 691 1
1791 358 1
1791 1311 1
2919 1676 1
2919 2936 1
2919 2071 1
1937 957 1
1937 494 1
1937 1836 1
1295 2752 1
1295 1810 1
1295 3 1
1295 1117 1
2752 789 1
2752 459 1
2752 1611 1
859 1138 1
859 257 1
859 2048 1
859 1526 1
1138 406 1
1138 860 1
1138 2049 1
210 729 1
210 1344 1
210 473 1
210 1929 1
729 49 1
729 2614 1
729 2524 1
47 2657 1
47 1669 1
47 2250 1
2657 1038 1
2657 2045 1
2657 2607 1
2499 2861 1
2499 24 1
2499 2595 1
2499 2290 1
2861 1274 1
2861 561 1
2861 1064 1
377 2828 1
377 1562 1
377 625 1
377 1357 1
2828 1401 1
2828 982 1
2828 1259 1
408 2141 1
408 1338 1
408 2371 1
408 2306 1
2141 4 1
2141 1405 1
112 1325 1
112 1130 1
112 91 1
112 531 1
1325 1399 1
1325 2448 1
1325 670 1
794 1130 1
794 2232 1
794 2905 1
794 2187 1
1130 1965 1
1130 1294 1
1711 2522 1
1711 778 1
1711 154 1
2522 2945 1
2522 2182 1
2522 941 1
1779 2922 1
1779 2704 1
1779 2644 1
1779 1213 1
2922 2471 1
2922 1380 1
2922 233 1
328 2403 1
328 1230 1
328 465 1
160 2426 1
160 2615 1
160 1444 1
160 2812 1
2426 2091 1
2426 1406 1
2426 474 1
1256 1605 1
1256 2944 1
1256 304 1
1605 13 1
1605 283 1
1605 1554 1
120 1041 1
120 1007 1
120 502 1
1041 612 1
1041 2866 1
1041 2173 1
300 1911 1
300 2747 1
300 1255 1
1911 847 1
1911 2948 1
1911 302 1
109 1148 1
109 2256 1
109 1867 1
109 989 1
1148 2529 1
1148 2132 1
1148 2482 1
1028 1189 1
1028 2493 1
1028 813 1
1028 2118 1
1189 339 1
1189 436 1
1189 616 1
1249 1831 1
1249 2373 1
1249 539 1
1249 2392 1
1831 2548 1
313 2146 1
313 459 1
313 1623 1
313 2042 1
2146 2232 1
2146 1326 1
2146 2029 1
355 571 1
355 1657 1
355 464 1
355 188 1
571 2835 1
571 1805 1
571 1998 1
1559 1993 1
1559 2388 1
1559 2381 1
1559 2253 1
1993 910 1
1993 2229 1
1993 1418 1
700 1068 1
700 259 1
700 1644 1
1191 2240 1
1191 2930 1
1191 410 1
1191 171 1
2240 2635 1
2240 1186 1
2240 647 1
415 558 1
415 1113 1
415 2015 1
558 954 1
558 2161 1
506 2137 1
506 912 1
506 1343 1
2137 1183 1
2137 809 1
2137 2149 1
1628 2766 1
1628 725 1
1628 255 1
1628 1529 1
2766 1656 1
2766 420 1
2766 2490 1
17 1451 1
17 1344 1
17 1218 1
1451 278 1
1451 2104 1
1451 1517 1
950 1740 1
950 1431 1
950 1946 1
950 2634 1
1740 2911 1
1740 1067 1
1740 2452 1
1067 2325 1
1067 991 1
1067 2572 1
2325 667 1
2325 2242 1
2325 1686 1
77 1586 1
77 2622 1
77 2904 1
77 2717 1
1586 1977 1
1586 1461 1
1586 1030 1
629 2099 1
629 365 1
629 2809 1
629 269 1
2099 2928 1
2099 1080 1
1634 2823 1
1634 2130 1
1634 2661 1
1634 1462 1
2823 2218 1
2823 1603 1
2823 2268 1
517 2797 1
517 2746 1
517 1471 1
2797 1177 1
2797 2869 1
2797 2098 1
111 1355 1
111 177 1
111 2541 1
111 440 1
1355 2116 1
1355 1449 1
1355 2229 1
2196 2297 1
2196 1579 1
2196 159 1
2196 2867 1
2297 1603 1
2297 505 1
2297 2509 1
2017 2066 1
2017 2915 1
2017 279 1
2017 2035 1
2066 2100 1
2066 866 1
2066 1300 1
1332 1963 1
1332 1608 1
1332 1023 1
1332 1664 1
1963 2053 1
1963 2227 1
1963 1880 1
2094 2249 1
2094 2988 1
2094 1672 1
2094 201 1
2249 1910 1
2249 554 1
2249 1127 1
2834 1662 1
2834 785 1
2834 2248 1
192 233 1
192 1021 1
192 444 1
192 881 1
233 2252 1
233 2806 1
846 2743 1
846 1564 1
846 1949 1
846 807 1
2743 128 1
2743 2689 1
2743 626 1
1119 1855 1
1119 1154 1
1119 2874 1
1119 2518 1
1855 1898 1
1855 1574 1
1616 2661 1
1616 2504 1
1616 783 1
1616 1430 1
2661 2222 1
2661 617 1
1286 1907 1
1286 1480 1
1286 286 1
464 1106 1
464 2059 1
464 163 1
1106 2598 1
1106 1427 1
1106 344 1
2279 2416 1
2279 946 1
2279 2419 1
2279 1784 1
2416 352 1
2416 1112 1
2416 1054 1
204 243 1
204 1879 1
204 2105 1
204 2841 1
243 2292 1
243 2328 1
243 58 1
382 2464 1
382 989 1
382 1910 1
2464 1656 1
2464 195 1
2464 2116 1
822 2507 1
822 709 1
822 2778 1
822 1965 1
2507 2400 1
2507 1302 1
2507 1142 1
2414 2762 1
2414 688 1
2414 118 1
2414 1289 1
2762 2691 1
2762 2126 1
2762 442 1
2254 2544 1
2254 1584 1
2254 2733 1
2254 2433 1
2544 1808 1
2544 2242 1
1486 2672 1
1486 2610 1
1486 2778 1
1486 2434 1
2672 673 1
2672 1101 1
2672 2678 1
856 2505 1
856 2058 1
856 2643 1
856 1080 1
2505 94 1
2505 2529 1
2505 2136 1
1874 2488 1
1874 2971 1
1874 1838 1
1874 126 1
2488 961 1
2488 95 1
2488 2897 1
666 2344 1
666 2087 1
666 273 1
666 831 1
2344 663 1
2344 938 1
2344 832 1
480 942 1
480 867 1
480 1482 1
480 1046 1
942 1172 1
942 1715 1
942 1477 1
314 1404 1
314 771 1
314 2860 1
314 2159 1
1404 969 1
1404 1801 1
1404 970 1
861 1573 1
861 59 1
861 2347 1
861 66 1
1573 725 1
1573 305 1
1573 367 1
1072 1985 1
1072 423 1
1072 1685 1
1072 2567 1
1985 488 1
1985 582 1
1985 76 1
650 2521 1
650 2010 1
650 229 1
650 359 1
2521 599 1
2521 1070 1
2521 2259 1
1977 2451 1
1977 1044 1
1977 1497 1
39 418 1
39 775 1
39 261 1
39 2286 1
418 686 1
418 1394 1
418 1931 1
2592 2889 1
2592 1092 1
2592 2139 1
2592 2363 1
2889 2442 1
2889 1235 1
2889 2842 1
1218 2978 1
1218 2037 1
1218 831 1
2978 1088 1
2978 2506 1
2978 1966 1
1434 1427 1
1434 2809 1
1434 2866 1
11 1487 1
11 1468 1
11 2375 1
11 775 1
1487 462 1
1487 557 1
974 1571 1
974 1436 1
974 821 1
974 1204 1
1571 1348 1
1571 888 1
1571 2296 1
786 1520 1
786 1825 1
786 1576 1
786 2768 1
1520 208 1
1520 2878 1
1520 2318 1
2169 2419 1
2169 565 1
2169 2831 1
2169 321 1
2419 640 1
2419 2154 1
226 2580 1
226 2465 1
226 676 1
226 2262 1
2580 2148 1
2580 429 1
873 2162 1
873 502 1
873 957 1
2162 2059 1
2162 840 1
1527 2686 1
1527 1630 1
1527 2720 1
1527 13 1
2686 2714 1
2686 2642 1
2686 1633 1
1346 2611 1
1346 1626 1
1346 1731 1
1346 270 1
2611 1804 1
2611 645 1
2611 1435 1
1998 2042 1
1998 2974 1
1998 2727 1
2042 2173 1
2042 2095 1
150 2477 1
150 2086 1
150 46 1
150 1003 1
2477 2462 1
2477 2392 1
2477 2125 1
1096 2355 1
1096 2089 1
1096 1866 1
1096 1359 1
2355 1708 1
2355 1938 1
2355 2946 1
1204 2154 1
1204 1166 1
1204 36 1
2154 608 1
2154 1518 1
1871 2617 1
1871 1578 1
1871 371 1
1871 2585 1
2617 231 1
2617 1884 1
2617 1426 1
1313 2060 1
1313 1927 1
1313 2052 1
1313 12 1
2060 741 1
2060 1516 1
2060 2643 1
1101 1652 1
1101 2848 1
1652 1336 1
1652 1557 1
1652 951 1
2354 2441 1
2354 1633 1
2354 2668 1
2354 1161 1
2441 1512 1
2441 152 1
635 2347 1
635 2887 1
635 2502 1
635 1622 1
2347 2624 1
685 1710 1
685 898 1
685 2085 1
685 1585 1
1710 1745 1
1710 1039 1
1710 2457 1
955 1534 1
955 2151 1
955 893 1
955 2004 1
1534 457 1
1534 179 1
1534 1497 1
705 2591 1
705 842 1
705 23 1
705 2343 1
2591 1123 1
2591 914 1
2591 195 1
414 1890 1
414 944 1
414 2706 1
414 1825 1
1890 258 1
1890 626 1
1890 118 1
240 2491 1
240 1751 1
240 2006 1
2491 2349 1
2491 2576 1
503 915 1
503 486 1
503 290 1
503 2200 1
915 2281 1
915 1414 1
915 1767 1
497 2827 1
497 1513 1
497 2229 1
497 2755 1
2827 535 1
2827 461 1
2827 609 1
1412 2160 1
1412 1523 1
1412 1947 1
2160 1640 1
2160 1438 1
2160 1936 1
309 1315 1
309 2278 1
309 2466 1
1315 2215 1
1315 2463 1
1315 1517 1
1829 707 1
1829 1849 1
257 1813 1
257 2837 1
257 494 1
143 1777 1
143 2940 1
143 709 1
143 1379 1
1777 2744 1
1777 546 1
1777 2199 1
189 1893 1
189 1347 1
189 2303 1
189 2156 1
1893 2128 1
1893 2175 1
1893 2311 1
1624 2982 1
1624 649 1
1624 2107 1
1624 2630 1
2982 368 1
2982 2335 1
2982 1246 1
1273 2001 1
1273 2553 1
1273 2413 1
1273 1815 1
2001 2757 1
2001 797 1
2001 2365 1
724 776 1
724 256 1
724 1574 1
776 2050 1
776 789 1
776 1565 1
2232 1772 1
2232 1994 1
445 1095 1
445 1045 1
445 939 1
445 2515 1
1095 2742 1
1095 2064 1
1095 1049 1
806 1185 1
806 2950 1
806 70 1
2158 2394 1
2158 2296 1
2158 2423 1
2158 1566 1
2394 1729 1
2394 2808 1
2394 380 1
134 910 1
134 1602 1
134 477 1
910 2847 1
910 1889 1
1309 2597 1
1309 1536 1
1309 1623 1
1309 2731 1
2597 2127 1
2597 2298 1
2597 2009 1
655 2073 1
655 1753 1
655 636 1
655 357 1
2073 1377 1
2073 2320 1
592 2956 1
592 1703 1
592 772 1
592 1301 1
2956 2583 1
2956 2970 1
2956 1997 1
1865 1997 1
1865 1228 1
1865 26 1
1865 1381 1
1997 1992 1
1997 1051 1
53 2907 1
53 199 1
53 1087 1
53 1251 1
2907 1319 1
2907 2166 1
2907 127 1
533 2083 1
533 1216 1
533 952 1
533 2040 1
2083 1897 1
2083 283 1
144 2271 1
144 660 1
144 803 1
144 95 1
2271 2302 1
2271 424 1
2271 709 1
904 1730 1
904 1248 1
904 1970 1
904 1311 1
1730 2484 1
1730 2695 1
1730 1232 1
95 1857 1
95 767 1
1857 1913 1
1857 2942 1
1857 1858 1
2988 92 1
2988 1350 1
2988 1696 1
46 2904 1
46 2628 1
46 344 1
2904 835 1
2904 2411 1
2800 86 1
2800 2275 1
2800 2471 1
1480 1382 1
1480 1179 1
1299 924 1
1299 2892 1
1299 812 1
633 1617 1
633 704 1
633 1577 1
633 148 1
1617 2746 1
1617 2554 1
1617 1636 1
2387 1258 1
2387 2450 1
2387 1899 1
292 1324 1
292 1748 1
292 748 1
292 1052 1
1324 2788 1
1324 2626 1
469 2807 1
469 820 1
469 634 1
228 1568 1
228 976 1
228 353 1
228 850 1
1568 2635 1
1568 2208 1
1568 620 1
748 167 1
748 1399 1
2217 195 1
2217 2420 1
2217 1918 1
1621 1650 1
1621 2873 1
1621 2386 1
1621 2990 1
1650 2784 1
1650 236 1
1650 1411 1
67 1098 1
67 2909 1
67 485 1
67 65 1
1098 2093 1
1098 653 1
1098 2002 1
750 2323 1
750 1453 1
750 1291 1
750 2100 1
2323 906 1
2323 538 1
2323 2837 1
667 1882 1
667 1886 1
667 2451 1
1257 2112 1
1257 2732 1
1298 2128 1
1298 5 1
1298 1408 1
1298 2531 1
2128 2198 1
2128 2311 1
807 2305 1
807 1745 1
807 76 1
2305 2569 1
2305 1409 1
2305 1583 1
1172 2726 1
1172 2623 1
1172 1821 1
2726 1474 1
2726 1768 1
2726 1832 1
1762 2942 1
1762 1292 1
1762 1759 1
1762 1862 1
2942 1886 1
2942 334 1
880 1507 1
880 1320 1
880 2430 1
880 2577 1
1507 49 1
1507 1629 1
2615 525 1
2615 128 1
2615 1695 1
585 2084 1
585 944 1
585 1788 1
585 443 1
2084 1212 1
2084 2631 1
2084 286 1
1029 2798 1
1029 1723 1
1029 2132 1
1029 234 1
2798 380 1
2798 957 1
2798 1580 1
896 1222 1
896 2161 1
896 809 1
896 196 1
1222 2111 1
1222 522 1
1222 1144 1
360 2905 1
360 74 1
360 596 1
360 1765 1
2905 1755 1
2905 1670 1
523 1391 1
523 2253 1
523 2404 1
523 129 1
1391 1570 1
1391 343 1
1391 435 1
1284 2885 1
1284 2145 1
1284 1917 1
227 2233 1
227 28 1
227 207 1
7 1474 1
7 1334 1
7 2792 1
7 1390 1
1474 837 1
1474 1426 1
960 1099 1
960 1646 1
960 1565 1
960 2282 1
1099 2388 1
1099 2148 1
1099 2880 1
704 167 1
704 1368 1
704 2263 1
256 1631 1
256 37 1
1166 1477 1
1166 1226 1
1166 2826 1
494 811 1
494 992 1
811 658 1
811 1142 1
811 1446 1
184 2046 1
184 2530 1
184 1488 1
2046 1237 1
2046 882 1
2135 2234 1
2135 437 1
2135 1455 1
2135 224 1
2234 2781 1
2234 153 1
2234 2653 1
318 814 1
318 1192 1
318 1368 1
318 1413 1
814 1403 1
814 1546 1
814 2729 1
1157 2552 1
1157 2825 1
1157 984 1
1157 48 1
2552 1632 1
2552 2812 1
2552 1949 1
584 933 1
584 2250 1
584 2624 1
933 996 1
933 545 1
933 1405 1
876 2044 1
876 89 1
876 1580 1
876 239 1
2044 2225 1
2044 1880 1
2044 1244 1
1473 1655 1
1473 2363 1
1473 2754 1
767 825 1
767 2024 1
767 487 1
825 2041 1
825 2838 1
825 2646 1
1632 1655 1
1632 1318 1
1632 1530 1
1327 1916 1
1327 2714 1
1327 136 1
1327 2717 1
1916 2894 1
1916 1957 1
1916 1076 1
2093 1946 1
2093 2537 1
2093 462 1
76 891 1
1459 2072 1
1459 2110 1
1459 693 1
1459 2529 1
2072 2519 1
2072 680 1
2072 678 1
289 2220 1
289 1415 1
289 1012 1
289 1364 1
2220 2199 1
2220 1495 1
2220 430 1
714 935 1
714 1285 1
714 208 1
714 1244 1
935 327 1
935 1253 1
935 1994 1
730 1314 1
730 2830 1
730 1678 1
174 2647 1
174 1467 1
174 2539 1
174 1428 1
2647 2668 1
2647 948 1
2647 1387 1
1051 2920 1
1051 2012 1
1051 2432 1
2920 801 1
2920 1302 1
2920 2650 1
1161 1331 1
1161 157 1
1161 1978 1
1331 36 1
1331 875 1
1331 1853 1
51 1530 1
51 1215 1
51 2191 1
51 1274 1
1530 2949 1
1530 166 1
1226 1460 1
1226 2546 1
1226 2891 1
1460 1216 1
1460 2057 1
1460 1461 1
2057 1314 1
2057 2833 1
797 1054 1
797 1667 1
797 2317 1
1054 1926 1
1054 1424 1
2569 2997 1
2569 1851 1
2569 813 1
2997 321 1
2997 1678 1
1285 2273 1
1285 2884 1
1285 411 1
146 1767 1
146 2877 1
146 301 1
1767 119 1
1767 2473 1
1102 2858 1
1102 16 1
1102 1287 1
1102 1202 1
2858 1390 1
2858 1055 1
2858 2952 1
1057 1395 1
1057 1075 1
1057 2958 1
1057 1088 1
1395 421 1
1395 1013 1
1395 507 1
656 2283 1
656 723 1
656 2447 1
656 874 1
2283 2360 1
2283 1049 1
2283 2116 1
110 1063 1
110 2224 1
110 2329 1
1063 1307 1
1063 2273 1
1999 2322 1
1999 287 1
1999 245 1
1999 413 1
2322 2839 1
2322 2832 1
2322 983 1
791 1424 1
791 1531 1
791 1310 1
1424 2510 1
1424 1426 1
1080 2052 1
1080 687 1
2052 2560 1
2210 2771 1
2210 2371 1
2210 2069 1
2210 2418 1
2771 2751 1
2771 1547 1
2771 2879 1
1626 2720 1
1626 1597 1
1626 211 1
2720 386 1
2720 1223 1
1953 2620 1
1953 2246 1
1953 2259 1
1953 1943 1
2620 433 1
2620 2882 1
2620 2571 1
1667 2263 1
1667 1085 1
1667 726 1
2263 1610 1
581 1816 1
581 153 1
581 987 1
581 1842 1
1816 1575 1
1816 1745 1
1816 1380 1
1415 2070 1
1415 401 1
1415 2412 1
620 2872 1
620 613 1
2530 1247 1
2530 345 1
2530 2402 1
301 1883 1
301 1199 1
301 234 1
1883 463 1
1883 2142 1
1883 1118 1
2744 1446 1
2744 2917 1
2744 1517 1
1062 1752 1
1062 2338 1
1062 2632 1
1062 2929 1
1752 2710 1
1752 796 1
1752 692 1
463 669 1
463 2653 1
463 670 1
669 2723 1
669 1464 1
1378 1463 1
1378 1608 1
1378 1843 1
1463 2730 1
1463 258 1
1463 1971 1
683 901 1
683 2538 1
683 1851 1
683 1097 1
901 15 1
901 610 1
901 1957 1
858 1427 1
858 1529 1
858 626 1
858 1091 1
1427 2941 1
913 1134 1
913 991 1
913 2773 1
913 2872 1
1134 539 1
1134 2692 1
1134 2562 1
1328 2810 1
1328 1914 1
1328 2841 1
2810 451 1
2810 1307 1
2810 2062 1
662 963 1
662 156 1
662 1344 1
963 2863 1
963 2358 1
963 1589 1
1307 1898 1
1307 405 1
2267 2500 1
2267 381 1
2267 1544 1
2267 751 1
2500 1220 1
2500 1748 1
2500 2900 1
2112 1445 1
2112 258 1
883 1376 1
883 38 1
883 2291 1
883 29 1
1376 926 1
1376 718 1
1376 2674 1
115 1504 1
115 1738 1
115 2842 1
115 1281 1
1504 392 1
1504 1736 1
1504 2996 1
104 857 1
104 1956 1
104 2512 1
104 138 1
857 2468 1
857 1170 1
857 2172 1
563 1371 1
563 1982 1
563 179 1
1371 1919 1
1371 290 1
1371 823 1
93 1193 1
93 2770 1
93 799 1
93 173 1
1193 975 1
1193 1840 1
1193 632 1
1533 2626 1
1533 2928 1
1533 264 1
1533 1971 1
2626 380 1
2626 1145 1
2803 1015 1
2803 2293 1
2803 2653 1
263 1375 1
263 2228 1
263 139 1
263 2388 1
1375 687 1
1375 583 1
1375 820 1
555 2715 1
555 2126 1
555 1318 1
2715 959 1
2715 632 1
2715 2383 1
796 1609 1
796 1150 1
796 805 1
1609 995 1
1609 56 1
824 2351 1
824 2451 1
824 952 1
2351 1083 1
2351 1655 1
94 2067 1
94 1688 1
94 2826 1
1162 2346 1
1162 442 1
1162 1089 1
1162 2937 1
2346 660 1
2346 63 1
2346 881 1
1476 1718 1
1476 682 1
1476 1554 1
1718 44 1
1718 1360 1
1718 972 1
820 2353 1
820 1321 1
2353 1338 1
2353 2698 1
2353 1894 1
1168 2770 1
1168 2840 1
1168 416 1
1168 871 1
2770 2631 1
2770 1457 1
1935 2683 1
1935 2119 1
1935 1369 1
1935 623 1
2683 417 1
2683 2348 1
2683 2577 1
849 1252 1
849 23 1
849 1926 1
1320 1698 1
1320 1700 1
2471 1032 1
2471 1758 1
294 2916 1
294 2877 1
294 2187 1
294 2864 1
2916 1906 1
2916 400 1
2916 2613 1
2489 2976 1
2489 1259 1
2489 1406 1
2489 1084 1
2976 191 1
2976 1068 1
2976 13 1
1670 2873 1
1670 1879 1
1670 1912 1
2873 1555 1
2873 2801 1
887 1444 1
887 2472 1
887 2884 1
887 495 1
1444 1034 1
1444 2455 1
701 2257 1
701 2542 1
701 1706 1
2257 48 1
2257 1066 1
155 1266 1
155 1510 1
155 1876 1
155 1974 1
1266 397 1
1266 1649 1
1266 2486 1
244 291 1
244 2774 1
244 116 1
244 297 1
291 364 1
291 2188 1
291 2385 1
73 1870 1
73 2855 1
73 2738 1
73 545 1
1870 1270 1
1870 695 1
1870 2788 1
1045 1774 1
1045 1219 1
1045 482 1
1774 1942 1
1774 871 1
1774 2291 1
606 2370 1
606 2314 1
606 852 1
606 653 1
2370 1000 1
2370 2494 1
2370 1403 1
1220 2300 1
1220 681 1
1220 2930 1
2300 1631 1
2300 579 1
2300 1151 1
239 627 1
239 2502 1
627 1479 1
342 2031 1
342 406 1
342 2513 1
342 2545 1
2031 2537 1
2031 2607 1
2031 1253 1
41 642 1
41 1044 1
41 1409 1
41 1635 1
642 71 1
642 1248 1
1564 2557 1
1564 760 1
1564 1233 1
2542 2923 1
2542 753 1
2542 1370 1
2923 2130 1
2923 636 1
2923 2701 1
173 761 1
173 1290 1
173 1582 1
761 2352 1
761 1151 1
897 2024 1
897 1091 1
897 1448 1
897 116 1
2024 1245 1
2024 995 1
1122 2142 1
1122 1946 1
1122 2055 1
1122 1086 1
2142 1037 1
2142 185 1
1338 379 1
1338 2514 1
153 2509 1
153 914 1
2509 2980 1
2509 1014 1
2029 2795 1
3 1518 1
3 2996 1
3 255 1
1518 2535 1
1518 2839 1
321 1864 1
321 2443 1
1864 2058 1
1864 722 1
2089 2659 1
2089 87 1
2089 1493 1
2378 2707 1
2378 1576 1
2378 721 1
2378 447 1
2707 2805 1
2707 804 1
536 2957 1
536 460 1
536 2708 1
536 2534 1
2957 1147 1
2957 778 1
2957 1902 1
1136 2427 1
1136 2043 1
1136 1673 1
1136 931 1
2427 1413 1
2427 1165 1
2427 970 1
1790 2951 1
1790 2009 1
1790 165 1
1790 1837 1
2951 949 1
2951 1465 1
2951 1929 1
71 2517 1
71 2380 1
71 412 1
1211 1783 1
1211 872 1
1211 16 1
1211 1797 1
1783 1379 1
1783 1462 1
1783 1283 1
1577 61 1
1577 1079 1
1577 2181 1
1469 2078 1
1469 1615 1
1469 598 1
1469 1294 1
2078 2980 1
2078 1604 1
2078 2572 1
23 305 1
305 1430 1
305 2909 1
1955 2237 1
1955 131 1
1955 1297 1
1955 163 1
2237 2200 1
2237 1655 1
2237 492 1
439 2206 1
439 2703 1
439 81 1
2206 2740 1
2206 1485 1
2206 690 1
2635 352 1
2635 1697 1
1794 2777 1
1794 944 1
1794 429 1
1794 2265 1
2777 916 1
2777 983 1
1363 1544 1
1363 467 1
1363 1125 1
1363 2341 1
1544 2831 1
1544 591 1
277 2329 1
277 2384 1
277 1127 1
277 916 1
2329 1859 1
2553 2791 1
2553 784 1
2553 1872 1
442 2396 1
442 594 1
2396 2621 1
2396 1279 1
2396 1175 1
530 1691 1
530 1440 1
530 1437 1
530 1942 1
1691 456 1
1691 1685 1
1691 2986 1
98 1768 1
98 1312 1
98 436 1
98 52 1
1768 924 1
1768 916 1
127 2469 1
127 821 1
2469 142 1
2469 816 1
2469 273 1
2330 2649 1
2330 2883 1
2330 2015 1
2330 898 1
2649 1422 1
2649 819 1
2649 2095 1
1070 2086 1
1070 1379 1
1070 177 1
2086 185 1
2086 474 1
1975 2192 1
1975 2478 1
1975 281 1
2192 2690 1
2192 1385 1
2192 998 1
1555 1606 1
1555 1515 1
1555 832 1
1606 2606 1
1606 688 1
1606 1619 1
946 1519 1
946 945 1
1133 2371 1
1133 1741 1
1133 762 1
2371 1756 1
216 713 1
216 2182 1
216 1922 1
216 964 1
713 894 1
713 2101 1
713 937 1
224 802 1
224 1755 1
1058 1968 1
1058 1035 1
1058 131 1
1058 1989 1
1968 196 1
1968 1289 1
1968 1905 1
198 844 1
198 2463 1
198 785 1
198 2074 1
844 448 1
844 425 1
1426 2623 1
357 837 1
357 2550 1
357 1528 1
837 1680 1
837 665 1
787 2407 1
787 473 1
787 936 1
787 362 1
2407 1215 1
2407 1503 1
2407 284 1
1260 2856 1
1260 2703 1
1260 268 1
2856 630 1
2856 2671 1
2856 10 1
2742 1455 1
2742 914 1
641 2703 1
641 490 1
641 2107 1
641 500 1
1068 1202 1
1068 2101 1
149 1194 1
149 137 1
149 1117 1
149 2821 1
1194 865 1
1194 1061 1
1194 332 1
2774 2047 1
2774 888 1
2774 1595 1
614 1001 1
614 936 1
614 2405 1
614 842 1
1001 2270 1
1001 131 1
1001 31 1
86 616 1
86 1904 1
86 2303 1
616 985 1
616 1270 1
717 1651 1
717 504 1
717 1631 1
717 1323 1
1651 661 1
1651 2023 1
1651 265 1
1248 378 1
1248 1000 1
2691 425 1
2691 2688 1
2691 1612 1
707 466 1
707 1860 1
870 1866 1
870 200 1
870 2527 1
870 1753 1
1866 2728 1
1866 2632 1
280 603 1
280 596 1
280 2339 1
603 1984 1
603 2778 1
603 1361 1
2740 1593 1
2740 1236 1
1234 2816 1
1234 2341 1
1234 1470 1
1234 2313 1
2816 2860 1
1591 2565 1
1591 1004 1
1591 928 1
1591 2599 1
2565 1066 1
2565 302 1
2565 1174 1
565 1728 1
565 2989 1
565 696 1
178 1494 1
178 1601 1
178 2999 1
1494 2882 1
1494 2688 1
1494 2619 1
2213 2319 1
2213 2156 1
2213 2549 1
2213 1294 1
2319 551 1
2319 1065 1
2319 702 1
1399 1357 1
1399 1780 1
1242 1364 1
1242 1654 1
1242 2367 1
1242 2038 1
1364 1839 1
1364 1186 1
973 2637 1
973 2812 1
973 2562 1
973 2725 1
2637 324 1
2637 1724 1
2637 1493 1
2681 2838 1
2681 2851 1
2681 2474 1
2681 1477 1
2838 2994 1
2838 2706 1
212 1263 1
212 2675 1
212 370 1
212 2358 1
1263 325 1
1263 1662 1
1263 376 1
805 2006 1
805 2808 1
805 2340 1
2006 2444 1
2006 1071 1
1037 1117 1
1037 2759 1
1037 1873 1
1117 670 1
653 2403 1
653 325 1
2403 2409 1
2403 1246 1
2061 2571 1
2061 1359 1
2061 615 1
2061 755 1
2571 2841 1
159 2541 1
159 1819 1
159 2368 1
2541 69 1
2541 384 1
2332 2805 1
2332 867 1
2332 1647 1
2805 1561 1
2805 2538 1
1952 2520 1
1952 1552 1
1952 1382 1
1952 2840 1
2520 341 1
2520 251 1
2520 493 1
2278 1509 1
2915 2639 1
2915 362 1
2915 1642 1
1206 2178 1
1206 527 1
2178 2526 1
2178 162 1
2178 260 1
218 2074 1
218 1097 1
218 1721 1
218 2209 1
2074 1159 1
2074 640 1
577 2650 1
577 2381 1
577 2990 1
2650 1050 1
2650 1773 1
959 369 1
959 1272 1
959 117 1
2851 544 1
2851 1850 1
2851 2962 1
2340 2558 1
2340 2025 1
2340 1683 1
2558 1567 1
2558 1513 1
2558 142 1
547 1724 1
547 1819 1
547 1207 1
1724 2231 1
1724 1633 1
370 630 1
370 1795 1
370 1562 1
630 1697 1
630 1495 1
2835 397 1
2835 176 1
2835 2516 1
930 967 1
930 2296 1
930 259 1
930 266 1
967 381 1
967 2680 1
967 1335 1
1974 2171 1
1974 1601 1
1974 2867 1
2171 28 1
2171 2719 1
2171 892 1
242 2781 1
242 1109 1
242 2587 1
242 1714 1
2781 1811 1
2781 1978 1
2941 845 1
2941 1185 1
2941 977 1
551 1321 1
551 1224 1
551 2883 1
1321 2504 1
1321 114 1
1377 2924 1
1377 1061 1
1377 1351 1
680 684 1
680 1852 1
680 1644 1
684 429 1
684 1944 1
684 460 1
2690 2913 1
2690 2483 1
2690 1909 1
2913 2865 1
2913 909 1
2913 169 1
1852 2313 1
1852 1436 1
1852 2365 1
276 456 1
276 2310 1
276 2677 1
276 245 1
456 2193 1
1686 2949 1
1686 2119 1
1686 1531 1
2949 2975 1
2949 2447 1
588 1216 1
588 2292 1
588 404 1
1216 2428 1
2088 1178 1
2088 2721 1
2088 2389 1
527 253 1
527 1490 1
527 2356 1
2151 2985 1
2151 2929 1
2151 2200 1
2985 368 1
2985 1637 1
2985 223 1
2246 2685 1
2246 2946 1
836 1732 1
836 2338 1
836 428 1
836 1396 1
1732 1964 1
1732 2606 1
1732 1725 1
459 89 1
459 2745 1
1639 2315 1
1639 2601 1
1639 2890 1
1639 1244 1
2315 2670 1
2315 186 1
2315 399 1
468 2733 1
468 552 1
468 1227 1
468 443 1
2733 600 1
2733 827 1
2723 386 1
2723 544 1
2723 1557 1
1010 2787 1
1010 890 1
1010 661 1
1010 401 1
2787 26 1
2787 1366 1
2787 1345 1
1467 2474 1
1467 403 1
1467 1813 1
2474 1207 1
2474 2732 1
1233 2307 1
1233 1990 1
1233 2058 1
2307 2358 1
2307 1501 1
2307 1492 1
1558 1838 1
1558 1945 1
1558 2418 1
1558 848 1
1838 989 1
1838 32 1
2384 2125 1
2384 2022 1
2384 2033 1
518 1278 1
518 1943 1
518 2214 1
518 2205 1
1278 491 1
1278 2684 1
1278 1127 1
5 2679 1
5 2779 1
5 55 1
2679 431 1
2679 2727 1
2679 2712 1
1841 1897 1
1841 1731 1
1841 1472 1
1897 1121 1
1897 252 1
1662 654 1
1662 1604 1
1090 2608 1
1090 769 1
1090 2452 1
1090 838 1
2608 2847 1
2608 2284 1
2746 424 1
2746 1135 1
102 2467 1
102 1891 1
102 529 1
102 2738 1
2467 262 1
341 1143 1
341 1888 1
2270 1351 1
2270 1941 1
431 1962 1
431 52 1
431 1763 1
746 768 1
746 1048 1
746 1381 1
768 1436 1
768 1990 1
768 875 1
1188 1867 1
1188 723 1
1188 1387 1
1188 1163 1
1867 1155 1
1867 1247 1
628 1787 1
628 2794 1
1910 2239 1
1910 1947 1
2239 2849 1
2239 2638 1
2239 943 1
38 2586 1
38 863 1
38 1723 1
329 601 1
329 1128 1
329 481 1
601 1079 1
601 1176 1
601 1600 1
709 1720 1
1796 2891 1
1796 688 1
1796 2129 1
1796 854 1
2891 891 1
2891 1929 1
440 2095 1
440 2037 1
440 607 1
2095 2400 1
841 809 1
841 1976 1
841 1240 1
1887 2026 1
1887 1844 1
1887 1934 1
1887 2702 1
2026 693 1
2026 2266 1
1584 388 1
1584 2098 1
1584 1310 1
1754 2665 1
1754 1787 1
1754 1763 1
1754 2123 1
2665 2702 1
2665 1903 1
2665 1674 1
1697 65 1
1697 1888 1
1356 1572 1
1356 2974 1
1356 2068 1
1572 2233 1
1572 275 1
1572 1343 1
561 1109 1
561 2314 1
561 2624 1
1109 191 1
1109 1925 1
148 1428 1
148 2730 1
148 2722 1
1428 1483 1
1428 994 1
2996 2180 1
2996 1715 1
2788 1723 1
691 2121 1
691 406 1
691 1600 1
2121 1283 1
2121 1653 1
2121 2336 1
2291 1712 1
2291 1183 1
587 1246 1
587 2534 1
587 491 1
587 2983 1
1246 2493 1
2302 2655 1
2302 35 1
2655 2468 1
2655 1177 1
2655 1735 1
1296 1679 1
1296 1668 1
1296 1232 1
1296 1909 1
1679 2780 1
1679 2342 1
1679 2991 1
2304 2435 1
2304 532 1
2304 758 1
2304 2133 1
2435 659 1
2435 1992 1
2435 1892 1
889 2981 1
889 631 1
889 31 1
2981 2846 1
2981 1224 1
2981 1593 1
1282 2912 1
1282 1105 1
1282 919 1
1282 1699 1
2912 2285 1
2912 1843 1
2912 868 1
500 2876 1
500 2638 1
500 2100 1
2876 2829 1
2876 1382 1
2876 919 1
832 1400 1
832 473 1
1400 1680 1
1400 1580 1
1400 1739 1
250 1947 1
250 1019 1
250 1922 1
250 545 1
1947 2404 1
645 2476 1
645 2320 1
645 835 1
2476 2436 1
2476 665 1
2476 1236 1
1722 1908 1
1722 2753 1
1722 865 1
1722 2402 1
1908 2573 1
1908 2830 1
1908 1585 1
48 2725 1
48 2999 1
2326 2840 1
2326 1982 1
2326 2732 1
2326 279 1
2840 1749 1
366 2832 1
366 1014 1
366 1684 1
366 664 1
2832 1546 1
2832 1390 1
423 599 1
423 854 1
423 490 1
599 346 1
327 2059 1
327 2987 1
327 1595 1
2059 2466 1
2233 340 1
2233 1758 1
2045 2682 1
2045 475 1
2045 2619 1
2682 2423 1
2682 2663 1
2682 784 1
1919 2048 1
1919 62 1
1919 2519 1
2048 345 1
2048 430 1
1038 1822 1
1038 2701 1
2730 1685 1
2730 996 1
1192 252 1
1192 772 1
1192 860 1
1973 2284 1
1973 1736 1
1973 984 1
1973 2374 1
2284 2768 1
2284 2294 1
689 839 1
689 2485 1
689 1308 1
689 757 1
839 1100 1
839 372 1
839 1143 1
1493 1085 1
2980 1619 1
2980 2187 1
1758 1491 1
2250 1861 1
2250 1996 1
386 1113 1
386 293 1
1277 2931 1
1277 2539 1
1277 75 1
1277 1082 1
2931 2687 1
2931 323 1
2931 2011 1
1839 1917 1
1839 1574 1
1839 2390 1
1917 130 1
1917 2698 1
182 1681 1
182 1803 1
182 1658 1
182 2212 1
1681 1017 1
1681 2391 1
948 2648 1
948 375 1
948 2593 1
2648 324 1
2648 1370 1
2648 722 1
2056 2843 1
2056 2019 1
2056 1053 1
1763 1996 1
2685 890 1
2685 740 1
2685 977 1
723 1483 1
723 2773 1
1483 1894 1
1483 2874 1
2444 2848 1
2444 2968 1
2444 1419 1
1844 1447 1
1844 734 1
1844 1027 1
651 2546 1
651 739 1
651 2881 1
651 2120 1
2546 1452 1
2546 970 1
1205 1900 1
1205 2475 1
1205 2899 1
1900 1806 1
1900 203 1
467 739 1
467 800 1
467 2350 1
739 1180 1
739 611 1
1516 2287 1
1516 1085 1
1516 1132 1
2287 359 1
2287 2563 1
2287 1677 1
1700 1879 1
1700 471 1
1700 1819 1
1879 569 1
1741 2405 1
1741 2244 1
1741 2490 1
2405 1905 1
2405 1024 1
990 1719 1
990 2316 1
990 1075 1
990 1597 1
1719 2971 1
1719 1200 1
1719 1365 1
2253 644 1
1280 2424 1
1280 1410 1
1280 1786 1
1280 676 1
2424 1675 1
2424 2190 1
2424 330 1
392 1110 1
392 1904 1
385 562 1
385 1287 1
385 1815 1
385 1927 1
562 2280 1
562 1773 1
562 2918 1
1336 1538 1
1336 1276 1
1336 1502 1
1538 2586 1
1538 388 1
1538 1811 1
339 1614 1
339 2227 1
339 2523 1
1614 2399 1
1614 1780 1
1614 2560 1
56 2457 1
56 27 1
56 619 1
2457 2390 1
2457 2446 1
501 2844 1
501 800 1
501 319 1
501 1688 1
2844 2855 1
2844 49 1
2844 929 1
253 2361 1
253 1630 1
253 2578 1
1514 2483 1
1514 37 1
1514 1517 1
1514 862 1
2483 2848 1
2483 943 1
325 403 1
325 2897 1
403 985 1
185 348 1
185 333 1
1981 2750 1
1981 1167 1
1981 1334 1
1981 2212 1
2750 815 1
2750 2480 1
1761 2481 1
1761 2589 1
1761 64 1
1761 947 1
2481 1936 1
2481 1293 1
2481 1532 1
1510 1505 1
1510 610 1
1510 1735 1
1805 2524 1
1805 353 1
1805 2731 1
2524 1024 1
2524 1144 1
117 989 1
117 812 1
552 476 1
552 2008 1
734 1860 1
734 1615 1
734 1043 1
1860 8 1
1860 2837 1
381 2068 1
381 1178 1
790 2960 1
790 726 1
790 1707 1
790 1863 1
2960 843 1
2960 2925 1
2960 1868 1
2265 2401 1
2265 2807 1
2265 2357 1
2401 2276 1
2401 2140 1
2401 1225 1
1358 1431 1
1358 1664 1
1358 2077 1
1358 763 1
1431 607 1
1431 2020 1
1394 2027 1
1394 2199 1
1394 658 1
2027 2376 1
2027 425 1
2027 1221 1
470 1642 1
470 9 1
470 1566 1
470 2113 1
1642 2630 1
1597 2386 1
1597 1745 1
2386 998 1
2386 2527 1
1089 1511 1
1089 235 1
1089 326 1
24 1592 1
24 1128 1
1592 1239 1
1592 695 1
1592 972 1
206 1340 1
206 1342 1
206 1300 1
1340 2092 1
1340 1721 1
1340 2950 1
2377 2992 1
2377 2910 1
2377 553 1
2377 236 1
2992 1561 1
2992 1129 1
2992 50 1
465 2503 1
465 123 1
465 472 1
2503 909 1
2503 2321 1
364 2845 1
364 1150 1
364 2183 1
2130 2228 1
1413 598 1
1413 1267 1
2282 2839 1
2282 2833 1
2282 993 1
2839 183 1
941 1156 1
941 1653 1
941 1243 1
1156 2660 1
1156 2765 1
1156 450 1
937 1680 1
937 636 1
937 953 1
1680 2368 1
199 1972 1
199 2145 1
324 154 1
324 1598 1
2784 2036 1
2784 2606 1
2784 1003 1
1629 1907 1
1629 2036 1
1629 622 1
1907 1498 1
1907 2526 1
2484 255 1
2484 36 1
2484 167 1
1630 2925 1
1630 473 1
202 2924 1
202 2226 1
202 299 1
202 426 1
2924 2197 1
2924 738 1
451 826 1
451 992 1
451 66 1
2025 2028 1
2025 1830 1
2025 2860 1
2028 1035 1
2028 1657 1
2028 1261 1
142 2881 1
1237 2443 1
1237 1949 1
1237 2113 1
2443 721 1
2443 1539 1
411 2364 1
411 569 1
411 1854 1
2364 1731 1
2364 2895 1
2364 2328 1
424 842 1
424 2846 1
842 1765 1
460 2872 1
460 1423 1
2659 145 1
2659 52 1
2659 2829 1
2448 388 1
2448 2108 1
2448 1552 1
2450 2786 1
2450 2177 1
2450 2898 1
2786 1440 1
2786 1795 1
2786 893 1
483 1607 1
483 982 1
483 2339 1
483 2366 1
1607 2745 1
1607 1811 1
1607 906 1
771 2010 1
771 607 1
771 2953 1
2010 74 1
2010 1294 1
914 205 1
2245 2273 1
2245 2306 1
2245 1437 1
2245 1032 1
1961 2514 1
1961 15 1
1961 2166 1
1961 871 1
2514 2946 1
2514 657 1
1231 654 1
1231 1932 1
1231 332 1
1683 2506 1
1683 2129 1
1683 1751 1
2506 1669 1
2506 1886 1
1960 2262 1
1960 165 1
1960 504 1
1960 124 1
2262 1769 1
2262 2114 1
1979 2275 1
1979 1056 1
1979 1044 1
1979 2227 1
2275 2482 1
2275 270 1
1368 336 1
1368 1046 1
1687 2103 1
1687 618 1
1687 1329 1
1687 1056 1
2103 395 1
2103 334 1
2103 920 1
934 2768 1
934 1834 1
934 2324 1
934 1924 1
2768 2122 1
122 384 1
122 1169 1
122 2955 1
2310 345 1
2310 372 1
924 764 1
924 2614 1
1669 608 1
1669 2182 1
1653 569 1
1653 1781 1
18 2136 1
18 1708 1
18 1423 1
2136 1820 1
696 802 1
696 2398 1
696 535 1
802 2818 1
802 82 1
2675 2664 1
2675 1314 1
2675 186 1
1869 2645 1
1869 1215 1
1869 140 1
1869 1878 1
2645 1150 1
2645 2667 1
2645 2961 1
304 1446 1
304 1197 1
304 1239 1
1446 35 1
1656 1749 1
1656 1124 1
59 2906 1
59 141 1
59 943 1
1382 2150 1
1640 2004 1
1640 815 1
1640 2574 1
2004 2150 1
186 2622 1
186 1301 1
2622 2794 1
2622 2898 1
162 2036 1
162 1813 1
162 1177 1
2036 808 1
2437 2204 1
2437 1419 1
2437 45 1
686 2958 1
686 2575 1
686 2579 1
373 1438 1
373 1843 1
373 1250 1
1438 125 1
1438 1071 1
944 2193 1
2193 1600 1
2193 1114 1
1641 2764 1
1641 2943 1
1641 522 1
1641 219 1
2764 2050 1
2764 295 1
433 2040 1
433 167 1
433 1778 1
524 2738 1
524 2551 1
524 1842 1
524 792 1
2738 851 1
2831 1569 1
2831 1411 1
1154 2124 1
1154 1970 1
1154 954 1
2124 1333 1
2124 544 1
2124 1943 1
1885 2343 1
1885 2568 1
1885 2927 1
2343 2864 1
2343 1809 1
600 2417 1
600 1397 1
600 225 1
176 2442 1
176 1552 1
176 1169 1
2442 2075 1
2442 1647 1
867 2658 1
867 2391 1
2958 2594 1
2958 19 1
1850 2995 1
1850 509 1
1850 2795 1
2995 1945 1
2995 1912 1
2995 1904 1
2892 559 1
2892 1279 1
2892 921 1
725 78 1
725 1802 1
2108 2243 1
2108 498 1
2108 1127 1
2243 625 1
2243 2487 1
2243 223 1
1020 2430 1
1020 1587 1
1020 2880 1
1020 425 1
2430 843 1
274 2051 1
274 2739 1
274 2050 1
274 1549 1
2051 232 1
2051 1056 1
2051 2368 1
2497 2698 1
2497 708 1
2497 1738 1
2497 975 1
2698 2556 1
2853 2308 1
2853 740 1
2853 2778 1
1664 1677 1
1664 2261 1
1677 2937 1
1677 454 1
528 2870 1
528 269 1
528 1311 1
528 1253 1
2870 1817 1
2870 1181 1
2870 340 1
352 2910 1
352 2529 1
2910 539 1
2910 1052 1
991 1027 1
991 288 1
2610 2747 1
2610 2970 1
2610 2496 1
544 2921 1
1056 2495 1
1078 2492 1
1078 1501 1
1078 594 1
2492 833 1
2492 1849 1
2492 2013 1
92 2461 1
92 1128 1
92 1118 1
2461 2368 1
2461 2761 1
2461 2205 1
992 2223 1
992 365 1
2223 2921 1
2223 367 1
2223 1905 1
1668 2938 1
1668 1615 1
1668 1235 1
272 1345 1
272 1097 1
272 2475 1
1345 303 1
1345 510 1
1347 545 1
1347 1958 1
1347 1076 1
2198 1515 1
2198 437 1
2198 1342 1
293 1175 1
293 2628 1
293 2182 1
1175 2185 1
1175 1032 1
637 548 1
637 1991 1
637 211 1
15 2294 1
15 2288 1
538 2928 1
538 430 1
538 346 1
2928 2014 1
911 1453 1
911 1200 1
911 816 1
911 1994 1
1453 516 1
1453 282 1
2324 2783 1
2324 1769 1
2324 872 1
2783 2790 1
2783 744 1
2783 2939 1
1287 1283 1
2927 2938 1
2927 2796 1
2927 668 1
2938 702 1
840 1694 1
840 1489 1
840 8 1
1694 195 1
1694 905 1
1694 2959 1
611 639 1
611 1005 1
611 943 1
639 82 1
639 1583 1
639 286 1
1531 2352 1
343 1238 1
343 1561 1
343 2598 1
1238 2676 1
1238 1540 1
1238 482 1
1759 2085 1
1759 957 1
1759 1545 1
2085 1602 1
2085 2409 1
2987 728 1
2987 2359 1
2987 1720 1
1290 2280 1
1290 2101 1
1290 1982 1
2280 1529 1
2280 1951 1
789 2791 1
789 2408 1
737 2067 1
737 2722 1
737 798 1
737 320 1
2067 2431 1
399 1254 1
399 450 1
399 1293 1
1254 2713 1
1254 208 1
361 733 1
361 1268 1
361 1059 1
361 58 1
733 575 1
733 2317 1
733 623 1
65 1903 1
65 2678 1
1903 1019 1
1903 2131 1
2116 2359 1
2075 2037 1
2075 2899 1
2075 2692 1
13 2692 1
1270 278 1
1270 1359 1
1351 2761 1
1351 349 1
2761 2794 1
2761 744 1
549 1319 1
549 235 1
549 2224 1
549 1529 1
1319 1184 1
2125 2321 1
2125 2402 1
1065 2175 1
1065 2155 1
1065 2020 1
2175 2035 1
2175 1335 1
1022 1539 1
1022 1149 1
1022 1139 1
1022 2799 1
1539 1178 1
1539 1786 1
2033 2566 1
2033 2986 1
2033 72 1
2566 2724 1
2566 1888 1
2566 2157 1
1461 214 1
1461 602 1
183 740 1
183 1440 1
183 755 1
740 1361 1
163 2717 1
163 2400 1
2717 2769 1
2114 2676 1
2114 1393 1
2114 2867 1
2676 2155 1
2676 1543 1
2930 1008 1
2930 1360 1
1024 2583 1
1024 978 1
961 1421 1
961 949 1
1421 2877 1
1421 2352 1
1421 6 1
66 2693 1
1008 1326 1
1008 70 1
1008 344 1
2866 2890 1
2866 2516 1
2890 830 1
2890 2440 1
2551 1015 1
2551 1671 1
2551 2449 1
2664 1032 1
2664 2091 1
2664 2837 1
196 1292 1
196 391 1
1612 2815 1
1612 2914 1
2815 1521 1
2815 1601 1
2815 1121 1
1116 1416 1
1116 1512 1
1116 1184 1
1116 2662 1
1416 2389 1
1416 1951 1
1416 2119 1
985 636 1
985 703 1
2205 2511 1
2205 512 1
2511 905 1
2511 395 1
2511 834 1
821 2977 1
821 760 1
532 369 1
532 83 1
532 350 1
1440 193 1
607 1940 1
1352 2716 1
1352 703 1
1352 2796 1
2716 792 1
2716 2918 1
2716 1582 1
1403 1715 1
1403 484 1
1996 2000 1
1996 2096 1
2000 2792 1
2000 2862 1
2152 2513 1
2152 1492 1
2152 245 1
2152 891 1
2513 657 1
1147 1644 1
1147 788 1
608 322 1
843 572 1
843 1208 1
2601 2487 1
2601 2181 1
2829 1748 1
2829 1224 1
519 1560 1
519 97 1
519 68 1
519 2421 1
1560 336 1
1560 1393 1
1560 543 1
40 542 1
40 2362 1
40 316 1
40 2769 1
542 2417 1
542 621 1
542 2528 1
1574 511 1
779 1110 1
779 2510 1
779 586 1
779 1676 1
1110 458 1
1110 1225 1
1515 1812 1
1515 2578 1
618 1812 1
618 782 1
380 868 1
1696 2475 1
1696 175 1
1696 55 1
2475 2776 1
2049 2438 1
2049 356 1
116 595 1
116 1140 1
2122 213 1
2122 2756 1
2122 1594 1
1685 2393 1
1342 706 1
1342 1111 1
905 1826 1
905 1002 1
1579 64 1
1579 2480 1
1579 2954 1
648 2855 1
648 279 1
648 2753 1
648 1323 1
2855 1550 1
374 2098 1
374 2261 1
374 444 1
317 540 1
317 157 1
317 2369 1
317 2527 1
540 177 1
540 918 1
540 1123 1
2769 1593 1
2769 1895 1
511 2909 1
511 2356 1
511 728 1
1970 2202 1
1970 1388 1
2202 502 1
2202 817 1
2202 652 1
261 315 1
261 2666 1
261 2268 1
315 2886 1
315 1348 1
315 877 1
1085 211 1
1004 2629 1
1004 907 1
1004 22 1
430 2755 1
2465 919 1
2465 1846 1
2465 1736 1
492 2584 1
492 982 1
492 147 1
2584 1083 1
2584 231 1
2584 2445 1
165 156 1
560 769 1
560 2359 1
560 1482 1
769 287 1
769 2677 1
546 2820 1
546 2559 1
546 2350 1
2820 2367 1
2820 1727 1
2820 2568 1
1289 2864 1
1289 2775 1
2864 956 1
1712 2967 1
1712 1447 1
1712 773 1
2967 727 1
2967 2609 1
2967 44 1
2925 247 1
2925 1275 1
213 337 1
213 2096 1
213 1350 1
803 1695 1
803 32 1
803 1589 1
1695 521 1
1695 2106 1
1359 365 1
1379 1976 1
1976 543 1
1976 1108 1
2795 1661 1
2795 2070 1
712 1661 1
712 702 1
712 279 1
1661 1139 1
1661 2639 1
268 489 1
268 2409 1
268 1920 1
489 2773 1
489 140 1
810 2758 1
810 1766 1
810 1989 1
810 2207 1
2758 874 1
2758 2741 1
2758 2054 1
156 2887 1
156 181 1
1092 848 1
1092 1924 1
1348 2518 1
1348 1862 1
2518 1135 1
513 2656 1
513 2203 1
513 2935 1
513 1920 1
2656 819 1
2656 390 1
2656 2415 1
898 2308 1
898 954 1
1232 596 1
1232 1567 1
1756 1939 1
1756 2411 1
1939 2697 1
1939 1464 1
1939 2662 1
476 495 1
476 461 1
476 1388 1
495 660 1
495 2140 1
1314 817 1
1524 1818 1
1524 1881 1
1524 2102 1
1524 1716 1
1818 884 1
1818 9 1
1818 1064 1
1140 2875 1
1140 749 1
1140 2684 1
2875 1802 1
2875 2413 1
2875 962 1
455 557 1
455 1948 1
455 647 1
455 1636 1
557 2501 1
557 895 1
1814 2331 1
1814 917 1
1814 223 1
1814 2244 1
2331 221 1
2331 646 1
2331 1954 1
1392 2867 1
1392 31 1
1392 566 1
1392 1113 1
2190 2581 1
2190 925 1
2190 316 1
2581 892 1
2581 2575 1
2581 2356 1
813 1433 1
813 2077 1
1433 597 1
1433 2760 1
1433 2669 1
170 1512 1
170 2724 1
170 623 1
1512 1043 1
2848 781 1
2256 678 1
2256 1213 1
1239 2480 1
1239 2452 1
2480 1074 1
2791 894 1
2791 2674 1
454 2439 1
454 2547 1
2439 1141 1
2439 2666 1
2439 96 1
1645 2350 1
1645 1666 1
1645 2341 1
1645 2462 1
2350 68 1
2734 1334 1
2734 1918 1
2734 1898 1
1561 2376 1
2714 526 1
2714 1927 1
2667 2748 1
2667 2847 1
2667 2150 1
2748 1537 1
2748 1170 1
2748 2693 1
2308 2433 1
2308 2398 1
2639 2644 1
2639 14 1
631 1964 1
631 514 1
631 211 1
1964 1187 1
1964 1000 1
2878 2968 1
2878 1305 1
2878 410 1
2968 2590 1
2968 2531 1
1 1797 1
1 60 1
1 2081 1
1 1989 1
1797 1462 1
1797 2684 1
269 1279 1
269 2005 1
1200 1944 1
181 1620 1
181 390 1
1620 2053 1
1620 27 1
1620 387 1
267 640 1
267 152 1
267 774 1
267 2203 1
640 1543 1
515 2139 1
515 1938 1
515 1925 1
515 2540 1
2139 2494 1
2139 681 1
458 412 1
458 45 1
458 2298 1
1787 578 1
1787 634 1
2185 716 1
2185 1980 1
388 1241 1
2462 2604 1
2462 969 1
89 731 1
89 2699 1
2091 2901 1
2091 486 1
792 2689 1
792 1213 1
2689 2123 1
2689 1578 1
400 1532 1
400 781 1
400 1269 1
1532 52 1
1532 853 1
2224 2005 1
2224 895 1
2638 80 1
2638 2055 1
278 578 1
818 1227 1
818 2458 1
818 659 1
1227 1701 1
1227 2739 1
697 708 1
697 1983 1
708 1684 1
708 2473 1
81 194 1
81 2336 1
81 297 1
878 2446 1
878 2869 1
878 299 1
878 2041 1
2446 19 1
2446 21 1
1362 2495 1
1362 1036 1
1362 1079 1
1362 45 1
2495 2560 1
2495 852 1
1804 1209 1
1804 1665 1
1804 852 1
890 1369 1
890 2776 1
1698 2629 1
1698 2696 1
2629 1496 1
2629 2241 1
2111 1465 1
2111 1021 1
2111 2255 1
2204 681 1
2204 2627 1
488 1594 1
488 1255 1
488 753 1
1594 1525 1
1594 2090 1
1471 886 1
1471 2880 1
36 266 1
894 2577 1
894 435 1
981 586 1
981 1176 1
981 326 1
1822 2493 1
2493 1671 1
1766 1753 1
1766 2886 1
1050 838 1
1050 100 1
852 2177 1
2177 14 1
2177 1339 1
1505 1100 1
1505 921 1
1505 1962 1
481 1941 1
481 260 1
481 63 1
1941 1803 1
1941 1889 1
85 2486 1
85 2602 1
85 2167 1
1465 556 1
1465 2732 1
1143 1048 1
1143 1491 1
1990 671 1
1990 2582 1
1496 743 1
1496 1720 1
1496 2080 1
1425 1931 1
1425 1213 1
1425 1956 1
1425 2021 1
1931 275 1
1931 1011 1
1402 2176 1
1402 2741 1
1402 1815 1
1402 605 1
2176 2971 1
2176 2361 1
2176 1899 1
2573 1053 1
2573 1776 1
2573 2670 1
569 1557 1
744 2472 1
744 157 1
2472 136 1
2472 1091 1
1007 1125 1
1007 1271 1
1007 1872 1
1125 2531 1
1125 2863 1
664 2183 1
664 1075 1
664 378 1
2183 661 1
2183 2019 1
252 26 1
252 1406 1
2708 504 1
2708 2991 1
2708 2144 1
2019 2754 1
2019 516 1
2754 2804 1
2754 2528 1
1618 2181 1
1618 586 1
1618 1610 1
1618 2079 1
1702 2818 1
1702 2705 1
1702 2306 1
1702 1684 1
2818 2589 1
2818 2588 1
298 2247 1
298 2983 1
298 1717 1
2247 1079 1
2247 2862 1
2247 1720 1
87 2966 1
87 2260 1
87 2736 1
2966 1401 1
2966 2288 1
2966 674 1
255 335 1
335 1940 1
335 1929 1
393 1208 1
393 33 1
393 2973 1
393 1649 1
1208 756 1
1208 1452 1
1731 566 1
1215 718 1
172 687 1
172 1721 1
172 1087 1
172 1882 1
687 1043 1
2164 2862 1
2164 401 1
2164 2117 1
2164 2728 1
2862 2138 1
619 1901 1
619 2564 1
619 2166 1
1901 596 1
1901 2955 1
1901 2334 1
297 2535 1
297 413 1
1091 882 1
1017 311 1
1017 2406 1
1017 2793 1
891 1542 1
1542 1401 1
1542 2380 1
1542 2207 1
583 931 1
583 1454 1
583 2598 1
931 1792 1
200 1660 1
200 665 1
200 25 1
416 2454 1
416 145 1
1042 1859 1
1042 203 1
1042 2772 1
1042 1891 1
1859 1846 1
1859 2418 1
384 1108 1
384 969 1
1108 2230 1
1108 1009 1
1748 2792 1
340 1406 1
340 1405 1
1982 1778 1
33 999 1
33 2458 1
33 929 1
999 509 1
999 1966 1
999 2148 1
158 1704 1
158 1674 1
158 371 1
1704 2545 1
1704 139 1
1704 1259 1
421 2572 1
421 1083 1
421 1810 1
2339 2583 1
2339 1115 1
2583 1826 1
1810 2727 1
1810 1181 1
2727 2515 1
2894 621 1
2894 1877 1
2894 75 1
61 953 1
61 1265 1
953 1785 1
953 2634 1
484 1581 1
484 1930 1
484 672 1
1581 695 1
1581 2640 1
1581 2120 1
1551 2917 1
1551 2498 1
1551 765 1
1551 1139 1
2917 1896 1
2917 1988 1
1225 2360 1
1225 2780 1
1895 2434 1
1895 1729 1
1895 2231 1
2434 2438 1
2434 2159 1
1913 2935 1
1913 273 1
1913 1747 1
2228 1575 1
2228 151 1
311 956 1
311 850 1
311 1540 1
956 2090 1
956 1884 1
2921 1087 1
2921 19 1
747 1523 1
747 417 1
747 409 1
1523 2131 1
1523 124 1
83 1479 1
83 514 1
1479 97 1
1479 2669 1
2702 474 1
2702 2376 1
2755 735 1
2755 344 1
954 1608 1
574 2884 1
574 2258 1
574 1934 1
2884 732 1
498 1052 1
498 2413 1
498 2362 1
2184 2779 1
2184 254 1
2184 1129 1
2184 1488 1
2779 332 1
2779 2753 1
2404 2782 1
2404 2285 1
2782 487 1
2782 566 1
2782 466 1
521 2765 1
521 2872 1
2765 1785 1
2765 2869 1
1066 2865 1
1066 1873 1
928 2106 1
928 2814 1
2106 2871 1
2106 2115 1
1115 1229 1
1115 537 1
775 1598 1
775 1367 1
1598 84 1
1598 872 1
207 2309 1
207 201 1
207 1716 1
2309 1174 1
2309 1003 1
2309 1800 1
353 2363 1
2363 1540 1
1397 2813 1
1397 2749 1
1397 777 1
2813 2644 1
2813 634 1
2813 1113 1
598 2081 1
598 2712 1
284 2943 1
284 331 1
284 2412 1
2943 698 1
2943 743 1
735 1418 1
735 1948 1
735 478 1
1418 420 1
1418 2101 1
819 2055 1
819 2948 1
2055 6 1
1011 2225 1
1011 929 1
1011 644 1
2225 1769 1
758 2721 1
758 203 1
2940 1429 1
2940 2113 1
2940 471 1
1049 1470 1
1049 2687 1
1470 1713 1
1470 2745 1
2666 2677 1
2666 1847 1
1856 2990 1
1856 1212 1
1856 2391 1
2990 860 1
2058 1519 1
247 553 1
247 572 1
247 1489 1
553 1163 1
1262 1699 1
1262 140 1
1262 589 1
1262 453 1
1699 2983 1
1699 29 1
2705 834 1
2705 350 1
1675 1868 1
1675 1337 1
1868 1386 1
1868 1548 1
718 756 1
1802 2735 1
1802 1536 1
659 1665 1
659 2604 1
1665 1209 1
1665 2811 1
2849 57 1
2849 2747 1
2849 1443 1
2885 2389 1
2885 241 1
365 419 1
874 1889 1
731 64 1
731 1499 1
731 615 1
249 2669 1
249 1772 1
249 793 1
249 432 1
2669 2550 1
2053 674 1
2053 62 1
2241 2470 1
2241 55 1
926 2102 1
926 395 1
926 401 1
777 2007 1
777 1199 1
777 1793 1
2007 1229 1
2007 1886 1
2007 2189 1
78 2972 1
78 2281 1
78 2197 1
2972 2852 1
2972 2298 1
2972 2372 1
57 1728 1
57 2161 1
57 2030 1
372 1729 1
1729 2549 1
2944 799 1
2944 1432 1
2944 801 1
929 2549 1
2549 2189 1
2937 817 1
2937 30 1
1142 1381 1
1142 2251 1
1381 29 1
2986 998 1
412 2993 1
2739 643 1
2739 1046 1
865 496 1
865 358 1
602 2312 1
602 668 1
602 678 1
2312 326 1
2312 1962 1
2312 2735 1
522 2023 1
522 621 1
2023 845 1
2023 2998 1
2203 1457 1
2203 2458 1
1100 2455 1
1100 2863 1
1171 1385 1
1171 2594 1
1171 1228 1
1171 354 1
1385 2149 1
1385 137 1
1472 2316 1
1472 420 1
1472 1654 1
2316 1002 1
2316 2902 1
1043 132 1
2349 2589 1
2349 2436 1
2349 1509 1
2589 1570 1
793 1210 1
793 1326 1
793 1420 1
1210 554 1
1210 980 1
1210 457 1
693 2652 1
693 833 1
1780 1880 1
1880 2710 1
2200 2372 1
395 1396 1
732 1725 1
732 2197 1
732 2187 1
1725 1562 1
1725 1410 1
2677 1932 1
749 42 1
749 2598 1
749 2953 1
1965 2599 1
1965 346 1
2599 1118 1
2599 1272 1
1019 848 1
1019 984 1
2501 1535 1
191 997 1
191 661 1
997 1500 1
997 2975 1
997 520 1
466 738 1
466 282 1
902 1503 1
902 2688 1
902 2908 1
902 1674 1
1503 1322 1
1503 2699 1
1610 2429 1
1610 1611 1
2133 1128 1
2133 1541 1
2133 1940 1
119 2440 1
119 2420 1
119 2167 1
432 951 1
432 362 1
432 2896 1
951 1498 1
951 390 1
283 101 1
756 2751 1
756 543 1
2102 2294 1
2102 2276 1
2294 2039 1
1570 2433 1
1570 2109 1
486 2621 1
486 1420 1
2621 231 1
2621 428 1
1789 2736 1
1789 443 1
1789 1853 1
1789 346 1
2736 1006 1
2736 1528 1
1073 1105 1
1073 72 1
1073 190 1
1073 2523 1
1105 2311 1
1105 2607 1
1986 993 1
1986 508 1
1986 332 1
2050 1468 1
2092 2993 1
2092 2564 1
2741 1271 1
2741 2804 1
1932 351 1
871 1240 1
1240 221 1
1240 2097 1
2358 491 1
1717 1971 1
1717 1061 1
1717 2898 1
1971 1212 1
437 490 1
437 2914 1
490 2954 1
952 2197 1
952 1039 1
1357 179 1
1357 1921 1
68 1631 1
68 1872 1
1386 2854 1
1386 1180 1
1386 1409 1
2854 2658 1
2854 2603 1
2854 2199 1
1815 1120 1
1015 485 1
1015 428 1
2587 2069 1
2587 201 1
2587 1131 1
660 2148 1
422 1013 1
422 251 1
422 139 1
422 2337 1
1013 2020 1
1013 1485 1
1082 2749 1
1082 2165 1
1082 1291 1
2749 2899 1
2749 1770 1
1053 1230 1
1053 2557 1
1230 2398 1
1230 1207 1
2914 885 1
1654 2415 1
1654 2109 1
1825 1006 1
1825 221 1
1744 1757 1
1744 1229 1
1744 595 1
1744 2642 1
1757 2819 1
1757 2440 1
1757 246 1
1305 2431 1
1305 2547 1
1305 833 1
152 2214 1
2724 75 1
2724 1170 1
441 1497 1
441 643 1
441 141 1
1497 1549 1
320 1207 1
320 1862 1
320 28 1
853 1707 1
853 302 1
853 1923 1
1707 1854 1
1707 1179 1
1448 2819 1
1448 2425 1
1448 1995 1
2819 1401 1
2819 2079 1
2670 1420 1
1739 2473 1
1739 1114 1
1739 2630 1
1991 2694 1
1991 477 1
1991 1784 1
2694 2859 1
2694 1297 1
2694 938 1
2285 2900 1
2285 2596 1
1146 2373 1
1146 2366 1
1146 2785 1
1146 1875 1
2373 923 1
2373 774 1
1202 1716 1
1202 413 1
1716 1137 1
16 1407 1
16 698 1
993 1084 1
993 920 1
1084 338 1
1084 502 1
1593 987 1
1123 2711 1
1123 2737 1
982 1922 1
782 2069 1
782 2836 1
782 1268 1
2069 1672 1
2906 722 1
2906 2334 1
2906 2807 1
649 622 1
649 2110 1
649 2950 1
306 504 1
306 1300 1
306 2147 1
306 100 1
299 1511 1
1511 2054 1
1511 209 1
2660 2729 1
2660 2971 1
2660 556 1
884 2201 1
884 1928 1
884 918 1
2201 918 1
2201 1107 1
2201 2947 1
477 1554 1
477 130 1
1554 2560 1
323 1087 1
323 295 1
323 823 1
1708 1521 1
1708 975 1
2852 493 1
2852 1536 1
2852 2609 1
1429 2374 1
1429 1365 1
1429 525 1
2845 2888 1
2845 2619 1
658 70 1
658 1646 1
1798 2248 1
1798 550 1
1798 1807 1
1798 1755 1
2248 1341 1
2248 2082 1
1333 1660 1
1333 487 1
1660 1896 1
1772 397 1
1772 2804 1
586 1649 1
2107 543 1
1435 1563 1
1435 1770 1
1435 2554 1
1563 772 1
1563 2087 1
2515 2811 1
2515 1018 1
2811 1828 1
2811 1673 1
906 1590 1
906 1823 1
1145 1481 1
1145 2011 1
348 1938 1
348 2857 1
348 672 1
1344 105 1
1367 2425 1
1367 1962 1
1367 2212 1
2425 1288 1
2425 312 1
971 1176 1
971 1354 1
971 2935 1
971 2168 1
1176 783 1
1812 2392 1
1812 2009 1
2400 1250 1
319 698 1
319 2695 1
319 1898 1
698 2003 1
25 251 1
25 2449 1
25 936 1
251 1988 1
1052 2269 1
2269 166 1
2269 2704 1
1769 995 1
668 1111 1
668 1854 1
1111 2523 1
1111 1086 1
850 2054 1
850 9 1
2054 462 1
2877 1322 1
1407 2618 1
1407 225 1
2618 1152 1
2618 2105 1
1219 14 1
1219 1236 1
1219 2399 1
2751 808 1
2751 2902 1
817 610 1
369 1824 1
369 1187 1
2485 2773 1
2485 2209 1
1258 1044 1
1258 2512 1
105 193 1
105 2678 1
193 2039 1
193 2632 1
260 1807 1
260 2613 1
2451 2470 1
2399 1508 1
2399 91 1
1646 2564 1
1646 1241 1
2575 410 1
1502 1398 1
1502 507 1
1197 2850 1
1197 1823 1
1197 1160 1
679 2306 1
679 1920 1
679 743 1
679 783 1
1657 1488 1
516 2826 1
516 2556 1
829 1018 1
829 493 1
829 21 1
1018 1627 1
1018 2459 1
2857 2887 1
2857 1625 1
2857 1590 1
2887 1625 1
632 1184 1
632 2081 1
1184 2939 1
351 1659 1
351 2334 1
351 2954 1
1659 2763 1
1659 2977 1
349 2468 1
349 1690 1
1672 2454 1
1672 84 1
2440 449 1
397 2709 1
1396 2576 1
1396 688 1
2576 1877 1
2882 1637 1
2882 1690 1
835 2014 1
835 1872 1
2014 1942 1
2014 101 1
1144 1537 1
1144 1387 1
1537 1926 1
1537 512 1
2020 1690 1
2570 2806 1
2570 2288 1
2570 1703 1
2570 1097 1
2806 2671 1
2806 22 1
1159 2018 1
1159 2449 1
1159 1940 1
123 1329 1
123 1120 1
123 622 1
1785 1185 1
1785 1047 1
800 1492 1
1753 710 1
2188 2926 1
2188 2301 1
2926 222 1
2926 1902 1
2926 2008 1
62 2138 1
62 1443 1
567 2320 1
567 2119 1
567 690 1
567 804 1
2320 977 1
1252 1501 1
1252 2946 1
1252 2314 1
491 727 1
1447 1980 1
1447 2613 1
921 2706 1
921 1430 1
1500 1788 1
1500 996 1
1500 1545 1
692 2369 1
692 2710 1
1430 2321 1
2321 80 1
2886 1341 1
2886 674 1
1334 676 1
1792 1807 1
1792 762 1
1792 1578 1
496 1635 1
496 868 1
496 475 1
1635 131 1
1635 1706 1
1499 1025 1
1499 2568 1
9 1481 1
2390 1150 1
2390 1764 1
2850 1546 1
2850 1972 1
2850 367 1
246 827 1
246 673 1
246 2687 1
827 2759 1
827 947 1
419 2970 1
419 27 1
2970 2775 1
1485 1388 1
1485 70 1
1600 2415 1
2909 559 1
2869 2883 1
654 2341 1
654 1938 1
537 1649 1
537 1583 1
537 219 1
1170 2087 1
2087 2959 1
1736 1924 1
594 1177 1
594 379 1
1337 1492 1
1337 1902 1
1337 2871 1
2537 1025 1
2155 2120 1
757 2039 1
757 1826 1
757 140 1
2039 1450 1
613 1765 1
613 1187 1
613 847 1
1765 194 1
1824 88 1
1824 1949 1
2361 2455 1
2361 1784 1
2498 2767 1
2498 1821 1
2498 983 1
2767 2582 1
2767 1135 1
2767 2695 1
2071 2959 1
2071 345 1
2071 2897 1
2959 1522 1
347 720 1
347 2604 1
347 2165 1
720 1272 1
720 138 1
720 232 1
1292 1393 1
1292 597 1
2994 2418 1
2994 573 1
1180 505 1
161 1203 1
161 2654 1
161 1587 1
161 716 1
1203 1832 1
1203 882 1
1203 2255 1
1265 2301 1
1265 2790 1
1265 2721 1
2564 605 1
1578 1450 1
1450 909 1
1450 582 1
2231 2286 1
2231 1036 1
1980 2157 1
1980 96 1
2157 50 1
2157 2453 1
2359 580 1
4 1627 1
4 1817 1
4 2908 1
1253 1301 1
1064 1892 1
1064 1241 1
1892 2822 1
1892 2140 1
1611 2290 1
2290 1245 1
2290 166 1
64 2979 1
2624 1456 1
32 927 1
32 2821 1
927 2018 1
927 2372 1
927 2596 1
42 568 1
42 2722 1
42 1966 1
568 2134 1
568 903 1
568 132 1
1889 100 1
1944 1934 1
1751 1186 1
1751 1076 1
390 962 1
1552 1267 1
2009 1528 1
785 2719 1
785 1196 1
2719 762 1
1048 694 1
1048 2625 1
1490 2013 1
1490 2585 1
1490 1339 1
2013 60 1
2013 2342 1
114 2090 1
114 2952 1
2531 2619 1
1837 2242 1
1837 2504 1
1837 715 1
2242 1269 1
918 2548 1
2865 1047 1
6 1546 1
1002 336 1
1002 1291 1
2314 2064 1
1322 2646 1
1322 1361 1
932 2486 1
932 751 1
932 2790 1
2486 2429 1
1114 1545 1
1114 1149 1
1436 2487 1
2548 2170 1
2548 575 1
1488 225 1
2132 510 1
1690 673 1
1583 2264 1
1627 1882 1
1627 74 1
2392 1060 1
338 2807 1
338 169 1
338 3000 1
1326 1849 1
2281 2582 1
2281 2568 1
2582 1548 1
1788 2018 1
612 1060 1
612 2412 1
1060 1030 1
1060 2642 1
2763 2999 1
2763 2895 1
2763 1196 1
2999 520 1
706 1863 1
706 368 1
706 2335 1
1863 1384 1
1863 2902 1
2808 1894 1
2808 205 1
1734 1335 1
1734 808 1
1734 2043 1
710 663 1
710 1671 1
128 2825 1
128 1567 1
2825 2336 1
236 1833 1
236 2760 1
1833 1862 1
1833 237 1
1833 2215 1
535 2166 1
535 2 1
1212 525 1
907 2977 1
907 1288 1
907 1033 1
1055 2428 1
1055 2516 1
2227 550 1
2398 435 1
2826 2082 1
1601 968 1
1956 101 1
1956 1633 1
1536 2214 1
1081 1120 1
1081 409 1
1081 2 1
1081 2756 1
1120 2218 1
2289 2432 1
2289 1276 1
2289 363 1
2289 589 1
2432 2466 1
1027 2991 1
1027 1988 1
103 391 1
103 2043 1
103 909 1
103 2737 1
391 1528 1
391 2932 1
444 2118 1
444 1590 1
2118 1269 1
29 987 1
605 2709 1
605 396 1
2709 972 1
2709 1847 1
1925 2276 1
1925 2879 1
2276 2535 1
1795 2393 1
1795 604 1
778 2859 1
778 2170 1
1235 1432 1
1235 1039 1
1809 885 1
1809 449 1
1521 763 1
1521 1625 1
1155 1674 1
1155 1317 1
1155 2822 1
2043 2556 1
130 755 1
130 978 1
1806 1894 1
1806 1773 1
1806 2 1
1637 848 1
1637 2429 1
302 2145 1
2145 798 1
1312 1550 1
1312 1158 1
1312 580 1
1550 2947 1
1550 427 1
1158 559 1
1158 2402 1
1158 2523 1
1223 1966 1
1223 2252 1
695 1059 1
2908 2021 1
2975 2609 1
2975 2003 1
2360 1482 1
2360 1595 1
2713 634 1
2713 447 1
2713 2357 1
2860 1437 1
727 2008 1
371 1873 1
371 287 1
548 1275 1
548 1658 1
548 1107 1
1275 1137 1
1275 722 1
2606 2194 1
2041 2952 1
2041 2859 1
895 2780 1
895 2047 1
2780 356 1
262 652 1
262 2776 1
652 1437 1
652 888 1
2149 2077 1
2149 164 1
55 2510 1
2381 2932 1
1165 2496 1
1165 1509 1
1165 2348 1
2496 2226 1
2496 1023 1
1163 1928 1
1163 1384 1
1928 2038 1
1928 1012 1
88 2579 1
88 72 1
88 643 1
2579 2888 1
2604 1061 1
44 945 1
1354 1580 1
1354 331 1
1354 1452 1
741 566 1
741 912 1
741 799 1
363 1713 1
363 2508 1
363 2932 1
1713 872 1
1713 2555 1
177 8 1
591 1311 1
591 529 1
1288 1261 1
1288 2293 1
975 126 1
752 892 1
752 514 1
752 1849 1
752 1826 1
892 3000 1
50 1374 1
50 2654 1
1374 2790 1
1374 436 1
1374 851 1
1300 356 1
2725 2011 1
2725 1851 1
1622 2172 1
1622 472 1
1622 663 1
2172 69 1
2172 719 1
798 1129 1
798 2756 1
1129 1519 1
916 1121 1
1121 2594 1
539 2595 1
2833 1547 1
923 1245 1
923 1308 1
923 154 1
1245 82 1
1422 1522 1
1948 254 1
1948 1074 1
2230 2260 1
2230 2952 1
2230 2016 1
1988 2508 1
2508 457 1
2508 1688 1
2117 1878 1
2117 389 1
2117 1636 1
885 509 1
448 1153 1
448 774 1
448 1793 1
1615 2756 1
2156 1781 1
2156 753 1
525 2478 1
362 2911 1
2911 2438 1
2911 168 1
443 168 1
1179 2123 1
1179 1984 1
2123 2293 1
2070 1183 1
2070 2395 1
2929 2235 1
2929 1565 1
1930 2701 1
1930 475 1
2701 2590 1
337 760 1
337 232 1
337 2567 1
760 2933 1
97 831 1
97 1250 1
69 945 1
69 409 1
945 2983 1
169 1297 1
169 1209 1
1297 644 1
1183 1876 1
765 2082 1
765 2251 1
765 1107 1
2082 2836 1
866 2134 1
866 1141 1
866 2436 1
2134 1132 1
2134 1462 1
394 863 1
394 1449 1
394 2064 1
863 2561 1
863 2595 1
1513 2899 1
1513 976 1
1167 1983 1
1167 1420 1
1167 2383 1
1942 1525 1
622 1750 1
164 2737 1
164 764 1
164 1380 1
2737 1540 1
2334 1414 1
234 2342 1
917 2974 1
917 404 1
917 1596 1
2974 1835 1
1927 124 1
801 96 1
801 1936 1
1557 2674 1
2674 2208 1
764 804 1
764 2955 1
1888 1112 1
14 2173 1
2173 1918 1
1994 479 1
2215 2454 1
2215 2630 1
1904 2933 1
2847 609 1
137 1673 1
137 573 1
203 1703 1
671 1776 1
671 2614 1
671 1728 1
1776 2535 1
1776 2625 1
2711 2945 1
2711 2538 1
2711 987 1
2945 1341 1
2945 881 1
1456 816 1
1456 2255 1
235 2317 1
1803 2167 1
1803 1781 1
2167 1778 1
2097 2385 1
2097 125 1
2097 232 1
2385 2760 1
2385 886 1
1945 2745 1
1945 2900 1
1241 428 1
893 854 1
31 1482 1
2502 2555 1
2502 964 1
2555 2383 1
2555 2189 1
2722 118 1
1845 2699 1
1845 2170 1
1845 2525 1
1845 1009 1
2699 877 1
1360 1310 1
1360 1484 1
1793 2216 1
1793 1575 1
2216 1989 1
2216 286 1
449 838 1
449 2318 1
920 2062 1
920 526 1
2062 2038 1
2062 461 1
1567 2812 1
245 1923 1
1178 2194 1
1547 2406 1
1547 2545 1
1370 526 1
812 2383 1
208 2391 1
1341 772 1
1781 2367 1
2367 1619 1
643 34 1
2266 1921 1
2266 2356 1
2859 534 1
168 387 1
2697 575 1
2697 2871 1
2697 2625 1
509 1457 1
1457 358 1
1501 2590 1
508 1721 1
508 2512 1
1302 2490 1
1302 1014 1
2490 2159 1
1498 2822 1
1498 2428 1
231 1281 1
1873 139 1
1625 1808 1
1169 1853 1
1169 2286 1
1853 2663 1
475 1484 1
1268 1566 1
1268 1033 1
1566 2933 1
1409 2588 1
2760 1251 1
1602 197 1
2208 938 1
2208 387 1
1009 1983 1
101 534 1
534 903 1
534 1934 1
1576 977 1
1576 2962 1
2902 2540 1
368 2538 1
175 604 1
175 2127 1
175 2222 1
604 2016 1
604 2226 1
237 2896 1
237 2627 1
2534 780 1
2534 2127 1
969 2411 1
1390 96 1
2935 702 1
2504 2948 1
1590 978 1
1281 1881 1
1281 2110 1
1881 1861 1
1881 2235 1
1329 1071 1
1329 2631 1
322 2478 1
322 2822 1
322 1141 1
72 209 1
2366 694 1
2366 1604 1
676 2775 1
2540 2644 1
2540 1174 1
209 2274 1
209 151 1
2658 2793 1
2658 2417 1
1688 823 1
559 1139 1
2526 1199 1
2526 1951 1
54 1858 1
54 3000 1
54 2445 1
1858 1247 1
1858 1595 1
1914 2453 1
1914 1548 1
1914 2104 1
2453 2038 1
2453 435 1
1075 194 1
922 2836 1
922 715 1
922 2842 1
922 2545 1
2836 2993 1
1525 2328 1
1525 2479 1
350 580 1
350 2179 1
580 2557 1
1817 2388 1
1817 1495 1
1445 2998 1
1445 2753 1
1445 136 1
2998 1836 1
409 1160 1
1160 1967 1
1160 1957 1
1967 1921 1
1967 1835 1
1967 482 1
1132 2567 1
1132 2684 1
288 2517 1
288 2147 1
288 2578 1
1398 1059 1
1398 2255 1
1398 188 1
2129 1491 1
2129 2365 1
564 1276 1
564 728 1
564 783 1
564 1209 1
1276 762 1
2301 2809 1
1983 2337 1
2047 2298 1
2047 2963 1
672 994 1
994 2692 1
2447 2879 1
2447 1039 1
2293 2313 1
375 2693 1
375 2574 1
375 1059 1
2693 1808 1
2863 936 1
333 2696 1
333 1454 1
333 617 1
2696 947 1
2696 816 1
166 1954 1
334 2846 1
334 2948 1
2011 1701 1
478 2296 1
478 1541 1
1701 1820 1
1701 1187 1
1604 1454 1
2150 145 1
673 900 1
2895 330 1
2895 1876 1
949 1221 1
949 471 1
1221 2525 1
1221 26 1
2458 1419 1
30 2547 1
30 2901 1
30 554 1
1801 2841 1
505 2668 1
505 1596 1
359 10 1
295 2109 1
295 2817 1
1623 2454 1
1623 2662 1
1185 1131 1
1738 2562 1
1738 1124 1
2562 1843 1
2191 2348 1
2191 34 1
2077 2918 1
2729 2616 1
2729 2165 1
330 2393 1
330 479 1
426 2603 1
426 1384 1
426 398 1
2603 556 1
1112 2113 1
1112 2792 1
205 2079 1
205 2596 1
2954 1832 1
1526 2776 1
1526 1005 1
1526 1323 1
2794 2710 1
1728 2336 1
2348 1506 1
1149 2602 1
781 2376 1
781 699 1
2268 2874 1
2268 214 1
2874 995 1
774 1727 1
194 1030 1
2109 1778 1
1388 2628 1
2063 2068 1
2063 2643 1
2063 589 1
2063 2090 1
2068 2706 1
2022 2939 1
2022 1836 1
2939 45 1
1943 2417 1
1006 273 1
1006 2040 1
550 453 1
550 980 1
808 1750 1
91 1124 1
91 2821 1
1124 2415 1
2487 2636 1
831 1773 1
1909 609 1
1909 2678 1
2179 962 1
2179 2607 1
2179 1549 1
2338 2721 1
2338 2772 1
265 1317 1
265 1408 1
265 2449 1
1317 2131 1
1317 964 1
1923 1926 1
1923 1350 1
453 1770 1
453 2933 1
2218 2652 1
2218 21 1
2654 984 1
2654 2238 1
2406 179 1
2406 1449 1
809 1137 1
2652 63 1
2652 396 1
2413 1291 1
2785 682 1
2785 1293 1
75 1025 1
2609 2445 1
376 851 1
376 2212 1
376 1259 1
851 2796 1
1972 2586 1
2527 1846 1
1603 1261 1
1603 2380 1
138 1036 1
138 1828 1
1036 1131 1
2428 2214 1
980 2104 1
980 2482 1
1343 2602 1
1343 389 1
2602 1293 1
1137 1742 1
2423 259 1
2796 726 1
2081 2817 1
2512 2525 1
900 2274 1
900 976 1
2274 2258 1
2274 1535 1
2574 2105 1
2574 2814 1
1820 1251 1
1820 520 1
715 919 1
715 663 1
2663 2627 1
2663 405 1
254 2634 1
254 1077 1
2634 1088 1
1071 2627 1
2429 316 1
82 1251 1
2030 2080 1
2030 2115 1
2080 2126 1
2080 331 1
1995 290 1
312 1834 1
312 2374 1
312 1506 1
1834 1086 1
1834 838 1
1906 2238 1
1906 2793 1
1906 222 1
1274 2973 1
1274 427 1
1481 1878 1
1481 171 1
1878 1847 1
2286 763 1
1619 2801 1
2494 1840 1
2494 2258 1
2793 1723 1
2100 264 1
2801 2963 1
2801 2900 1
2963 2616 1
2963 1484 1
2438 773 1
726 578 1
728 847 1
358 2871 1
2712 2881 1
2712 1141 1
1545 2896 1
270 860 1
270 834 1
1784 100 1
2759 214 1
275 2961 1
275 1984 1
2961 396 1
2961 1671 1
962 290 1
19 1077 1
2005 2040 1
2015 1411 1
2015 1243 1
2614 2342 1
2687 389 1
755 241 1
326 2616 1
2616 282 1
354 2799 1
354 788 1
2799 2238 1
2799 417 1
1174 2161 1
2671 3000 1
2671 2962 1
868 436 1
141 597 1
141 531 1
597 2563 1
1519 1835 1
147 2105 1
147 1658 1
147 2018 1
2468 2357 1
1069 1747 1
1069 37 1
1069 1666 1
1069 1509 1
1747 2563 1
514 1875 1
1875 1153 1
1875 1423 1
2567 1992 1
398 2989 1
398 1978 1
398 554 1
2989 1958 1
1414 703 1
1414 27 1
1823 80 1
1823 1243 1
450 1543 1
450 2395 1
1543 2557 1
615 1714 1
2194 925 1
2194 699 1
2096 1703 1
2096 1107 1
2303 736 1
1279 378 1
129 2144 1
129 1153 1
2144 1666 1
8 1854 1
1899 462 1
1899 1585 1
1186 719 1
1455 1339 1
1455 2335 1
1828 2646 1
2646 2012 1
875 1678 1
646 1508 1
646 2411 1
646 2577 1
1508 1308 1
1228 2479 1
1228 1449 1
2479 681 1
2479 2896 1
1468 2021 1
1468 2586 1
531 2640 1
531 1408 1
2680 1549 1
2680 2979 1
2680 862 1
595 2901 1
2883 1135 1
1152 1800 1
1152 751 1
1152 485 1
1800 573 1
1800 402 1
2374 1957 1
2993 2588 1
1876 529 1
2138 699 1
2593 2596 1
2593 2936 1
1267 2318 1
1267 572 1
80 1318 1
1021 1891 1
1323 1924 1
716 823 1
716 197 1
154 2455 1
968 1585 1
968 404 1
968 2973 1
1678 2636 1
2636 815 1
2636 420 1
1811 2936 1
2936 1912 1
1840 282 1
1840 582 1
743 784 1
429 1896 1
845 2539 1
1575 2035 1
479 2554 1
479 1636 1
126 125 1
303 1452 1
303 1000 1
303 1484 1
2846 976 1
1224 1384 1
2229 1896 1
1335 572 1
682 694 1
682 2260 1
694 2395 1
2814 2879 1
2814 1807 1
763 2640 1
2170 2594 1
1644 2209 1
2209 2421 1
1587 2843 1
1587 1541 1
2843 2313 1
2843 2104 1
1548 1706 1
266 719 1
266 2728 1
625 512 1
625 2459 1
487 1491 1
1984 2337 1
1005 877 1
1005 2180 1
1495 2612 1
1271 2252 1
2369 2016 1
830 2115 1
830 736 1
2238 1350 1
1808 1417 1
573 512 1
1243 939 1
2098 1151 1
2550 2633 1
2550 888 1
2633 847 1
2633 1035 1
2633 1750 1
626 356 1
507 60 1
507 2035 1
2842 1951 1
1046 1261 1
417 877 1
1750 316 1
2517 657 1
2517 780 1
1014 1912 1
2466 886 1
1666 1012 1
74 2595 1
2973 2421 1
1846 983 1
63 379 1
1684 1918 1
410 2126 1
575 1832 1
28 886 1
1308 1244 1
118 2653 1
1255 1902 1
1255 1582 1
738 2352 1
1229 2528 1
670 882 1
2180 2420 1
2180 2292 1
2311 964 1
1842 1954 1
1842 222 1
1954 773 1
21 1361 1
136 1735 1
151 2337 1
151 2264 1
221 188 1
1269 2563 1
1835 264 1
1936 1689 1
1921 1821 1
1764 699 1
1764 2731 1
1118 2222 1
331 1034 1
84 2559 1
925 2264 1
925 1506 1
2775 2539 1
2207 2525 1
2207 201 1
1958 447 1
2110 788 1
197 804 1
197 1742 1
281 2380 1
281 2008 1
281 721 1
881 1742 1
2393 471 1
10 2159 1
10 1417 1
287 826 1
223 2643 1
1030 826 1
1025 1884 1
1830 2064 1
1830 1920 1
1735 1196 1
578 1882 1
125 2918 1
621 657 1
589 2757 1
1569 2888 1
1569 2901 1
972 2612 1
2612 903 1
2561 1443 1
2561 998 1
2561 780 1
2115 1003 1
1522 510 1
903 1034 1
1034 1813 1
2244 1827 1
2244 1366 1
1247 1410 1
719 2953 1
510 690 1
2362 1088 1
2362 736 1
1541 1589 1
427 1589 1
427 833 1
171 1074 1
2120 405 1
1419 258 1
2016 2420 1
1714 2002 1
2002 862 1
1310 461 1
1432 2252 1
2804 1565 1
37 241 1
1410 526 1
124 378 1
485 2365 1
2559 2578 1
2559 1891 1
2547 1408 1
2372 1706 1
1877 2809 1
1877 190 1
229 1978 1
229 2235 1
229 1365 1
132 2932 1
132 2735 1
2632 1582 1
367 2704 1
188 2409 1
1181 2168 1
721 1012 1
60 788 1
1836 2357 1
2556 58 1
2292 2888 1
214 1506 1
2165 402 1
1596 2 1
1827 647 1
1827 2585 1
1827 1861 1
2168 2695 1
2168 854 1
2131 1608 1
22 2389 1
22 2625 1
2747 2979 1
582 2235 1
2735 1727 1
1770 862 1
225 674 1
939 1366 1
1366 190 1
58 815 1
2979 2880 1
753 12 1
690 1676 1
474 2012 1
1535 1423 1
1535 2259 1
1689 529 1
1689 617 1
2260 1676 1
2519 1749 1
1861 2163 1
2147 609 1
2452 402 1
35 1417 1
35 1023 1
2757 678 1
2003 1196 1
1369 2817 1
1369 1380 1
2817 2264 1
2830 579 1
2830 2642 1
472 1250 1
472 2459 1
264 617 1
1318 736 1
1077 1236 1
379 520 1
647 447 1
2590 2955 1
12 2189 1
12 2821 1
826 1023 1
947 2375 1
579 34 1
405 1905 1
644 2408 1
1076 34 1
2772 1992 1
2772 219 1
2898 2259 1
2528 2375 1
2163 2962 1
2163 1821 1
396 482 1
780 784 1
703 773 1
1755 413 1
2731 912 1
2395 1411 1
2588 1301 1
978 2408 1
402 2408 1
1922 2585 1
2421 2662 1
2953 2012 1
2613 1151 1
