3000 7500
222 792 1
222 1444 1
222 242 1
222 2766 1
222 191 1
792 2234 1
792 2236 1
792 991 1
792 1596 1
1225 2224 1
1225 1722 1
1225 1259 1
1225 1370 1
1225 1221 1
2224 1380 1
2224 806 1
2224 2239 1
2224 449 1
2327 2844 1
2327 1184 1
2327 1055 1
2327 2886 1
2327 318 1
2844 2194 1
2844 1847 1
2844 2616 1
2844 617 1
637 2431 1
637 1751 1
637 1607 1
637 2783 1
637 2578 1
2431 73 1
2431 2795 1
2431 1430 1
2431 2456 1
874 2640 1
874 1943 1
874 2440 1
874 521 1
874 2857 1
2640 220 1
2640 1717 1
2640 106 1
2640 2697 1
643 1953 1
643 768 1
643 1361 1
643 2773 1
643 1721 1
1953 1013 1
1953 1862 1
1953 1626 1
1953 1633 1
140 1103 1
140 786 1
140 699 1
140 520 1
140 2635 1
1103 1945 1
1103 446 1
1103 149 1
1103 2952 1
933 2200 1
933 1072 1
933 930 1
933 1827 1
933 1285 1
2200 1156 1
2200 1659 1
2200 1534 1
2200 394 1
321 626 1
321 1782 1
321 2886 1
321 195 1
321 2408 1
626 492 1
626 1588 1
626 2063 1
626 2534 1
1668 1831 1
1668 1816 1
1668 2544 1
1668 1237 1
1668 1122 1
1831 2865 1
1831 2075 1
1831 646 1
1831 1234 1
1162 1242 1
1162 1043 1
1162 126 1
1162 2418 1
1162 15 1
1242 1415 1
1242 1053 1
1242 1890 1
1242 1759 1
1647 2977 1
1647 2784 1
1647 691 1
1647 313 1
1647 1875 1
2977 1140 1
2977 2673 1
2977 164 1
2977 1150 1
1707 2762 1
1707 2499 1
1707 2476 1
1707 1517 1
1707 1192 1
2762 200 1
2762 482 1
2762 1649 1
2762 2375 1
2486 2500 1
2486 1913 1
2486 1643 1
2486 2241 1
2486 1267 1
2500 292 1
2500 1549 1
2500 2796 1
2500 1349 1
816 1507 1
816 2045 1
816 1523 1
816 2510 1
816 1264 1
1507 375 1
1507 1397 1
1507 1818 1
1507 2191 1
1325 1650 1
1325 2615 1
1325 579 1
1325 1695 1
1325 1479 1
1650 2017 1
1650 578 1
1650 2746 1
1650 1983 1
1481 2126 1
1481 1939 1
1481 1803 1
1481 1148 1
1481 1293 1
2126 2240 1
2126 664 1
2126 1396 1
2126 43 1
2107 2817 1
2107 2182 1
2107 305 1
2107 1815 1
2107 1217 1
2817 579 1
2817 453 1
2817 2694 1
2817 33 1
696 2085 1
696 1856 1
696 1095 1
696 294 1
696 2521 1
2085 1796 1
2085 2928 1
2085 262 1
2085 1369 1
1856 2414 1
1856 172 1
1856 2951 1
1856 592 1
861 2189 1
861 1573 1
861 57 1
861 2265 1
861 1330 1
2189 1682 1
2189 1420 1
2189 628 1
2189 675 1
2563 2804 1
2563 1685 1
2563 2942 1
2563 119 1
2563 773 1
2804 2567 1
2804 2853 1
2804 2734 1
2804 1355 1
877 1086 1
877 2555 1
877 724 1
877 466 1
877 2214 1
1086 2406 1
1086 1112 1
1086 2010 1
1086 739 1
2611 2737 1
2611 859 1
2611 2626 1
2611 1141 1
2611 2440 1
2737 1215 1
2737 1179 1
2737 1491 1
2737 1013 1
624 640 1
624 2041 1
624 529 1
624 545 1
624 30 1
640 1814 1
640 1504 1
640 1660 1
640 2900 1
382 2275 1
382 1214 1
382 719 1
382 1407 1
382 2545 1
2275 2884 1
2275 2415 1
2275 835 1
2275 56 1
664 1207 1
664 2476 1
664 1850 1
664 436 1
1207 1693 1
1207 809 1
1207 1616 1
1207 2031 1
2125 2699 1
2125 72 1
2125 1860 1
2125 661 1
2125 422 1
2699 1538 1
2699 895 1
2699 1911 1
2699 2546 1
578 2860 1
578 1988 1
578 314 1
578 300 1
2860 368 1
2860 456 1
2860 1949 1
2860 147 1
1601 2470 1
1601 2328 1
1601 1231 1
1601 1506 1
1601 923 1
2470 1708 1
2470 1880 1
2470 2433 1
2470 2900 1
632 2837 1
632 489 1
632 232 1
632 1576 1
632 1518 1
2837 793 1
2837 1000 1
2837 1183 1
2837 553 1
1971 2003 1
1971 1495 1
1971 2770 1
1971 581 1
1971 1073 1
2003 1048 1
2003 167 1
2003 2743 1
2003 80 1
646 2506 1
646 1021 1
646 252 1
646 84 1
2506 2692 1
2506 1368 1
2506 1209 1
2506 213 1
214 2849 1
214 876 1
214 1544 1
214 1733 1
214 706 1
2849 1532 1
2849 240 1
2849 2835 1
2849 2278 1
95 1171 1
95 357 1
95 735 1
95 905 1
95 2547 1
1171 1138 1
1171 768 1
1171 2744 1
1171 575 1
1684 2175 1
1684 2902 1
1684 2583 1
1684 1278 1
1684 242 1
2175 2829 1
2175 805 1
2175 1396 1
2175 340 1
1285 1446 1
1285 2456 1
1285 1106 1
1285 1450 1
1446 2966 1
1446 403 1
1446 2585 1
1446 947 1
1286 2314 1
1286 1192 1
1286 1163 1
1286 1681 1
1286 421 1
2314 1178 1
2314 133 1
2314 1309 1
2314 2447 1
1914 2408 1
1914 2194 1
1914 803 1
1914 2373 1
1914 2617 1
2408 203 1
2408 1675 1
2408 1533 1
1946 2589 1
1946 718 1
1946 2838 1
1946 2811 1
1946 633 1
2589 2535 1
2589 1492 1
2589 937 1
2589 247 1
788 1808 1
788 1128 1
788 2004 1
788 2450 1
788 2359 1
1808 2139 1
1808 1417 1
1808 406 1
1808 1403 1
173 2932 1
173 1372 1
173 2739 1
173 2352 1
173 2024 1
2932 678 1
2932 2136 1
2932 1751 1
2932 1760 1
964 1970 1
964 2656 1
964 2573 1
964 556 1
964 1589 1
1970 2266 1
1970 2928 1
1970 886 1
1970 1936 1
308 2339 1
308 2759 1
308 67 1
308 883 1
308 631 1
2339 851 1
2339 2835 1
2339 452 1
2339 2663 1
1464 2027 1
1464 1054 1
1464 2642 1
1464 1114 1
1464 2601 1
2027 1017 1
2027 2600 1
2027 371 1
2027 2510 1
1107 2958 1
1107 936 1
1107 2033 1
1107 688 1
1107 191 1
2958 587 1
2958 2856 1
2958 2304 1
2958 1755 1
1726 2707 1
1726 1969 1
1726 2455 1
1726 1885 1
1726 1079 1
2707 85 1
2707 2449 1
2707 907 1
2707 135 1
1041 2604 1
1041 1928 1
1041 1793 1
1041 1416 1
1041 2531 1
2604 2824 1
2604 2015 1
2604 375 1
2604 879 1
442 1521 1
442 1185 1
442 491 1
442 2477 1
442 2723 1
1521 1944 1
1521 2673 1
1521 2120 1
1521 2859 1
184 2983 1
184 369 1
184 2436 1
184 1123 1
184 2484 1
2983 1777 1
2983 1459 1
2983 1881 1
2983 446 1
220 915 1
220 2448 1
220 206 1
220 2507 1
1899 2369 1
1899 146 1
1899 33 1
1899 2579 1
1899 2501 1
2369 306 1
2369 1611 1
2369 383 1
2369 2674 1
101 999 1
101 648 1
101 1281 1
101 1457 1
101 1880 1
999 1130 1
999 2532 1
999 1960 1
999 417 1
876 2167 1
876 2329 1
876 1881 1
876 867 1
1530 2768 1
1530 437 1
1530 2322 1
1530 1206 1
1530 1677 1
2768 162 1
2768 84 1
2768 2745 1
2768 610 1
1074 1734 1
1074 290 1
1074 2684 1
1074 2576 1
1074 2493 1
1734 342 1
1734 1717 1
1734 56 1
1734 1229 1
145 776 1
145 2155 1
145 1484 1
145 1578 1
145 2251 1
776 1923 1
776 2732 1
776 2481 1
776 2649 1
392 2868 1
392 1709 1
392 2584 1
392 2869 1
392 130 1
2868 1518 1
2868 2966 1
2868 2708 1
2868 1632 1
2411 2931 1
2411 1661 1
2411 2838 1
2411 359 1
2411 1967 1
2931 958 1
2931 1122 1
2931 1012 1
2931 2657 1
1555 2717 1
1555 235 1
1555 1951 1
1555 808 1
1555 1728 1
2717 163 1
2717 1069 1
2717 2208 1
2717 116 1
879 2168 1
879 2513 1
879 301 1
879 406 1
2168 745 1
2168 224 1
2168 1316 1
2168 1874 1
2212 2492 1
2212 1616 1
2212 2761 1
2212 2624 1
2212 2386 1
2492 2035 1
2492 897 1
2492 1766 1
2492 379 1
1419 2792 1
1419 102 1
1419 548 1
1419 334 1
1419 1816 1
2792 2267 1
2792 2746 1
2792 61 1
2792 2503 1
450 715 1
450 2690 1
450 283 1
450 2450 1
450 1778 1
715 2720 1
715 239 1
715 2141 1
715 1511 1
1661 2325 1
1661 2496 1
1661 2377 1
1661 1603 1
2325 1693 1
2325 1415 1
2325 2029 1
2325 405 1
1370 1624 1
1370 685 1
1370 7 1
1370 2195 1
1624 1527 1
1624 899 1
1624 1217 1
1624 742 1
483 1535 1
483 1465 1
483 2571 1
483 1385 1
483 2037 1
1535 2355 1
1535 2597 1
1535 769 1
1535 688 1
1854 2905 1
1854 824 1
1854 337 1
1854 2387 1
1854 1313 1
2905 2069 1
2905 38 1
2905 15 1
2905 272 1
343 1003 1
343 2302 1
343 2652 1
343 913 1
343 295 1
1003 1788 1
1003 1365 1
1003 1743 1
1003 2041 1
1310 2741 1
1310 2859 1
1310 2469 1
1310 1640 1
1310 427 1
2741 197 1
2741 408 1
2741 1496 1
2741 1484 1
2191 2261 1
2191 2024 1
2191 1628 1
2191 1826 1
2261 2362 1
2261 157 1
2261 2124 1
2261 662 1
1284 1291 1
1284 1977 1
1284 2023 1
1284 1027 1
1284 840 1
1291 720 1
1291 2738 1
1291 1169 1
1291 979 1
120 436 1
120 869 1
120 27 1
120 57 1
120 956 1
436 663 1
436 1694 1
436 1631 1
376 2348 1
376 1214 1
376 910 1
376 88 1
376 1614 1
2348 2526 1
2348 679 1
2348 2407 1
2348 2630 1
799 2976 1
799 850 1
799 1260 1
799 2256 1
799 241 1
2976 695 1
2976 1268 1
2976 1575 1
2976 2049 1
272 1244 1
272 848 1
272 471 1
272 2011 1
1244 2379 1
1244 557 1
1244 606 1
1244 116 1
2271 2375 1
2271 787 1
2271 979 1
2271 79 1
2271 1816 1
2375 1942 1
2375 302 1
2375 1318 1
970 2040 1
970 1780 1
970 2413 1
970 2091 1
970 566 1
2040 1654 1
2040 529 1
2040 1248 1
2040 1766 1
722 1709 1
722 2850 1
722 1421 1
722 1049 1
722 319 1
1709 536 1
1709 2613 1
1709 1410 1
1095 2974 1
1095 1033 1
1095 2397 1
1095 704 1
2974 1910 1
2974 801 1
2974 2641 1
2974 102 1
412 729 1
412 2145 1
412 2193 1
412 760 1
412 916 1
729 1638 1
729 1451 1
729 1986 1
729 974 1
66 2307 1
66 1064 1
66 312 1
66 1215 1
66 2239 1
2307 614 1
2307 1429 1
2307 2888 1
2307 1449 1
1415 1963 1
1415 2454 1
1415 2435 1
1665 2272 1
1665 253 1
1665 1199 1
1665 1039 1
1665 853 1
2272 2789 1
2272 2965 1
2272 987 1
2272 768 1
1001 2292 1
1001 920 1
1001 703 1
1001 2615 1
1001 1746 1
2292 2363 1
2292 518 1
2292 2377 1
2292 190 1
168 1537 1
168 912 1
168 1997 1
168 1385 1
168 2988 1
1537 1772 1
1537 2867 1
1537 2510 1
1537 244 1
73 2017 1
73 511 1
73 916 1
73 909 1
1738 2033 1
1738 1457 1
1738 348 1
1738 1690 1
1738 2854 1
2033 2296 1
2033 1862 1
2033 2961 1
1122 1764 1
1122 1290 1
1122 864 1
1764 978 1
1764 2910 1
1764 1799 1
1764 2540 1
1304 1512 1
1304 922 1
1304 1582 1
1304 1309 1
1304 2701 1
1512 1786 1
1512 234 1
1512 1393 1
1512 2180 1
1381 1466 1
1381 347 1
1381 18 1
1381 1909 1
1381 1132 1
1466 2623 1
1466 684 1
1466 773 1
1466 1280 1
85 1573 1
85 1682 1
85 1174 1
85 2403 1
1805 2733 1
1805 1912 1
1805 2324 1
1805 571 1
1805 714 1
2733 2392 1
2733 1529 1
2733 2089 1
2733 2783 1
1846 2734 1
1846 1983 1
1846 2199 1
1846 1356 1
1846 518 1
2734 572 1
2734 820 1
2734 1534 1
60 2879 1
60 1020 1
60 35 1
60 2281 1
60 794 1
2879 1091 1
2879 894 1
2879 294 1
2879 190 1
146 819 1
146 1159 1
146 2221 1
146 1704 1
514 605 1
514 271 1
514 1556 1
514 2337 1
514 2438 1
605 576 1
605 733 1
605 127 1
605 423 1
961 1294 1
961 2345 1
961 2270 1
961 2109 1
961 2724 1
1294 115 1
1294 1713 1
1294 329 1
1294 1384 1
1317 2915 1
1317 228 1
1317 2151 1
1317 534 1
1317 1997 1
2915 2823 1
2915 1610 1
2915 1868 1
2915 408 1
854 902 1
854 2753 1
854 281 1
854 2625 1
854 1363 1
902 2383 1
902 1069 1
902 1865 1
902 1656 1
1130 2005 1
1130 771 1
1130 1545 1
1130 580 1
2005 2192 1
2005 2914 1
2005 2334 1
2005 1499 1
221 2194 1
221 1916 1
221 2483 1
221 604 1
221 1226 1
2194 1365 1
2194 432 1
797 1307 1
797 955 1
797 1078 1
797 1014 1
797 1834 1
1307 1814 1
1307 2069 1
1307 1919 1
1307 2211 1
558 796 1
558 135 1
558 923 1
558 2843 1
558 601 1
796 2902 1
796 1797 1
796 134 1
796 1911 1
1457 1582 1
1457 2461 1
1457 115 1
1582 3000 1
1582 155 1
1582 67 1
1939 2985 1
1939 2747 1
1939 2742 1
1939 2052 1
567 2013 1
567 2193 1
567 1980 1
567 2490 1
567 619 1
2013 1863 1
2013 1553 1
2013 746 1
2013 1211 1
2207 2982 1
2207 2553 1
2207 2074 1
2207 693 1
2207 2006 1
2982 601 1
2982 723 1
2982 276 1
2982 1513 1
378 2262 1
378 1892 1
378 2731 1
378 985 1
378 25 1
2262 1174 1
2262 1602 1
2262 2582 1
2262 2779 1
2306 2732 1
2306 1813 1
2306 353 1
2306 1678 1
2306 2605 1
2732 2828 1
2732 525 1
2732 1550 1
1919 2286 1
1919 1520 1
1919 2155 1
1919 1981 1
2286 2942 1
2286 1551 1
2286 2772 1
2286 1769 1
1267 1377 1
1267 2134 1
1267 2688 1
1267 1330 1
1377 614 1
1377 2541 1
1377 791 1
1377 360 1
1349 1941 1
1349 449 1
1349 602 1
1349 884 1
1941 1418 1
1941 601 1
1941 878 1
1941 1800 1
485 1607 1
485 1849 1
485 2512 1
485 1013 1
485 274 1
1607 1144 1
1607 2512 1
1607 1350 1
279 684 1
279 2469 1
279 302 1
279 977 1
279 853 1
684 2388 1
684 929 1
684 2099 1
439 2659 1
439 2086 1
439 28 1
439 2777 1
439 208 1
2659 75 1
2659 2658 1
2659 2103 1
2659 1633 1
2398 2671 1
2398 1619 1
2398 2609 1
2398 2244 1
2398 707 1
2671 898 1
2671 1590 1
2671 1351 1
2671 1256 1
779 2956 1
779 1871 1
779 896 1
779 1985 1
779 283 1
2956 1863 1
2956 1877 1
2956 894 1
2956 1393 1
476 1723 1
476 665 1
476 1780 1
476 360 1
476 1511 1
1723 774 1
1723 2791 1
1723 1271 1
1723 893 1
177 1612 1
177 250 1
177 216 1
177 2123 1
177 1921 1
1612 1645 1
1612 346 1
1612 1545 1
1612 851 1
22 506 1
22 2503 1
22 524 1
22 634 1
22 1241 1
506 1347 1
506 2154 1
506 654 1
506 1403 1
88 2028 1
88 367 1
88 1238 1
88 1417 1
2028 2193 1
2028 2749 1
2028 2666 1
2028 2289 1
942 2317 1
942 951 1
942 2004 1
942 2736 1
942 2856 1
2317 2199 1
2317 160 1
2317 1197 1
2317 974 1
1226 1847 1
1226 282 1
1226 2293 1
1226 52 1
1847 1616 1
1847 1580 1
1847 1905 1
405 917 1
405 2810 1
405 2305 1
405 1167 1
917 2560 1
917 2852 1
917 422 1
917 2092 1
976 1672 1
976 841 1
976 790 1
976 342 1
976 923 1
1672 1569 1
1672 155 1
1672 2320 1
1672 2245 1
1849 1160 1
1849 2881 1
1849 1746 1
1849 2788 1
774 103 1
774 381 1
774 354 1
774 2908 1
1917 2869 1
1917 598 1
1917 209 1
1917 1483 1
1917 2831 1
2869 2882 1
2869 603 1
2869 1456 1
1623 2422 1
1623 1150 1
1623 2727 1
1623 176 1
1623 2542 1
2422 2419 1
2422 2949 1
2422 1725 1
2422 1281 1
1640 1837 1
1640 2048 1
1640 2778 1
1640 541 1
1837 2062 1
1837 2722 1
1837 2701 1
1837 801 1
2407 2504 1
2407 1144 1
2407 2421 1
2407 1506 1
2504 70 1
2504 662 1
2504 277 1
2504 1625 1
533 2499 1
533 2947 1
533 812 1
533 1610 1
533 922 1
2499 2347 1
2499 544 1
2499 1928 1
89 573 1
89 746 1
89 2829 1
89 2814 1
89 1380 1
573 1641 1
573 2001 1
573 2498 1
573 1606 1
1663 2989 1
1663 2980 1
1663 2370 1
1663 1072 1
1663 1399 1
2989 329 1
2989 97 1
2989 2839 1
2989 2945 1
386 759 1
386 1621 1
386 1990 1
386 2557 1
386 2180 1
759 2277 1
759 1016 1
759 656 1
759 866 1
65 1347 1
65 491 1
65 109 1
65 599 1
65 941 1
1347 2101 1
1347 1318 1
1347 1452 1
431 1441 1
431 1080 1
431 2853 1
431 1574 1
431 535 1
1441 2730 1
1441 758 1
1441 711 1
1441 413 1
787 2435 1
787 1509 1
787 1702 1
787 2795 1
322 1683 1
322 1375 1
322 2946 1
322 914 1
322 969 1
1683 99 1
1683 1760 1
1683 1766 1
1683 928 1
136 998 1
136 1858 1
136 118 1
136 880 1
136 1164 1
998 2288 1
998 2507 1
998 2618 1
998 546 1
780 2497 1
780 409 1
780 2241 1
780 59 1
780 1418 1
2497 2006 1
2497 1480 1
2497 1739 1
2497 330 1
1788 2487 1
1788 2350 1
1788 1611 1
1788 165 1
36 767 1
36 1026 1
36 581 1
36 2911 1
36 1411 1
767 151 1
767 475 1
767 1436 1
767 10 1
1178 1958 1
1178 2993 1
1178 16 1
1178 604 1
1088 2505 1
1088 2071 1
1088 1501 1
1088 2547 1
1088 1078 1
2505 98 1
2505 1827 1
2505 2620 1
2505 785 1
150 2222 1
150 2840 1
150 440 1
150 1196 1
150 1748 1
2222 936 1
2222 1654 1
2222 183 1
2222 275 1
528 2811 1
528 584 1
528 928 1
528 875 1
528 1096 1
2811 2412 1
2811 2029 1
2811 2300 1
1786 1865 1
1786 1798 1
1786 1213 1
1786 2204 1
765 805 1
765 2467 1
765 1671 1
765 459 1
765 1228 1
805 1015 1
805 179 1
805 430 1
316 713 1
316 260 1
316 1477 1
316 27 1
316 2153 1
713 1224 1
713 820 1
713 2719 1
713 2840 1
1613 2363 1
1613 148 1
1613 1351 1
1613 1475 1
1613 1677 1
2363 1270 1
2363 1765 1
2363 495 1
720 1767 1
720 16 1
720 1427 1
720 53 1
429 2805 1
429 466 1
429 1414 1
429 435 1
429 2696 1
2805 2164 1
2805 2637 1
2805 925 1
2805 2374 1
1192 1 1
1192 2599 1
1192 1071 1
364 2861 1
364 2907 1
364 2318 1
364 1087 1
364 1126 1
2861 1637 1
2861 469 1
2861 1229 1
2861 142 1
1157 2726 1
1157 2137 1
1157 209 1
1157 939 1
1157 1811 1
2726 2999 1
2726 1060 1
2726 2742 1
2726 680 1
35 1868 1
35 2556 1
35 163 1
35 2187 1
1868 2298 1
1868 2920 1
1868 553 1
460 1108 1
460 176 1
460 2820 1
460 2670 1
460 1741 1
1108 2596 1
1108 2356 1
1108 1352 1
1108 290 1
151 2148 1
151 966 1
151 1329 1
151 2923 1
1560 2621 1
1560 1249 1
1560 1471 1
1560 2892 1
1560 1085 1
2621 1527 1
2621 2185 1
2621 2785 1
2621 451 1
978 1219 1
978 849 1
978 1597 1
978 1352 1
1219 2781 1
1219 1239 1
1219 983 1
1219 2591 1
892 1933 1
892 2538 1
892 561 1
892 2446 1
892 1755 1
1933 2841 1
1933 1649 1
1933 2802 1
1933 407 1
1138 306 1
1138 425 1
1138 2538 1
1138 2843 1
307 1014 1
307 2047 1
307 1670 1
307 2527 1
307 717 1
1014 2037 1
1014 705 1
1014 373 1
1289 1340 1
1289 1573 1
1289 358 1
1289 956 1
1289 82 1
1340 1478 1
1340 47 1
1340 286 1
1340 80 1
515 1165 1
515 539 1
515 517 1
515 1995 1
515 520 1
1165 1056 1
1165 2498 1
1165 1094 1
1165 718 1
1573 2878 1
1573 368 1
1372 2277 1
1372 125 1
1372 2981 1
1372 800 1
2277 574 1
2277 1930 1
2277 1718 1
1657 2904 1
1657 906 1
1657 2481 1
1657 1028 1
1657 694 1
2904 2858 1
2904 1698 1
2904 1394 1
2904 967 1
67 2466 1
67 108 1
67 1422 1
2466 1254 1
2466 2161 1
2466 911 1
2466 2944 1
1390 2331 1
1390 2927 1
1390 338 1
1390 368 1
1390 726 1
2331 2359 1
2331 1909 1
2331 916 1
2331 2446 1
1154 2320 1
1154 2537 1
1154 498 1
1154 648 1
1154 895 1
2320 187 1
2320 2842 1
2320 2173 1
1025 1644 1
1025 997 1
1025 244 1
1025 1392 1
1025 336 1
1644 2522 1
1644 565 1
1644 1257 1
1644 346 1
2553 328 1
2553 2295 1
2553 1978 1
2553 2751 1
761 1571 1
761 2606 1
761 1121 1
761 2416 1
761 287 1
1571 2462 1
1571 1378 1
1571 1740 1
1571 2188 1
143 246 1
143 711 1
143 398 1
143 2672 1
143 1435 1
246 1851 1
246 423 1
246 2400 1
246 2769 1
1552 2329 1
1552 639 1
1552 1798 1
1552 1729 1
1552 1905 1
2329 1667 1
2329 1551 1
2329 1853 1
900 2403 1
900 1791 1
900 2391 1
900 2600 1
900 1983 1
2403 2939 1
2403 1440 1
2403 1853 1
960 2454 1
960 1893 1
960 2484 1
960 339 1
960 1487 1
2454 2994 1
2454 55 1
2454 1002 1
1027 1461 1
1027 1503 1
1027 1250 1
1027 1104 1
1461 1916 1
1461 812 1
1461 478 1
1461 1536 1
1262 2267 1
1262 2602 1
1262 2122 1
1262 2340 1
1262 1194 1
2267 1104 1
2267 702 1
2267 2380 1
211 2595 1
211 2718 1
211 2900 1
211 1938 1
211 1879 1
2595 2060 1
2595 2912 1
2595 2711 1
2595 1949 1
773 1810 1
773 1531 1
773 2273 1
1810 71 1
1810 1864 1
1810 1438 1
1810 1193 1
570 727 1
570 891 1
570 521 1
570 1736 1
570 1834 1
727 1848 1
727 540 1
727 1522 1
727 475 1
1886 2619 1
1886 838 1
1886 2416 1
1886 1604 1
1886 2507 1
2619 264 1
2619 3 1
2619 1149 1
2619 1191 1
49 2947 1
49 2639 1
49 349 1
49 2231 1
49 2517 1
2947 745 1
2947 670 1
2947 1633 1
1641 444 1
1641 1339 1
1641 215 1
1641 2318 1
406 1006 1
406 1594 1
406 247 1
1006 351 1
1006 2393 1
1006 388 1
1006 2016 1
248 1063 1
248 501 1
248 2590 1
248 2936 1
248 721 1
1063 15 1
1063 963 1
1063 1839 1
1063 2373 1
1872 2842 1
1872 2575 1
1872 985 1
1872 2081 1
1872 2928 1
2842 2920 1
2842 368 1
2842 1546 1
148 695 1
148 1026 1
148 2020 1
148 1816 1
264 778 1
264 2067 1
264 349 1
264 287 1
778 1863 1
778 2264 1
778 550 1
778 1636 1
954 959 1
954 1164 1
954 2625 1
954 932 1
954 2554 1
959 2901 1
959 1883 1
959 611 1
959 51 1
2177 2660 1
2177 2099 1
2177 1658 1
2177 111 1
2177 2973 1
2660 438 1
2660 2934 1
2660 2687 1
2660 2129 1
90 1379 1
90 1855 1
90 304 1
90 2684 1
90 579 1
1379 2345 1
1379 1338 1
1379 1465 1
1379 1324 1
463 1890 1
463 2674 1
463 1554 1
463 1964 1
463 2322 1
1890 657 1
1890 1024 1
1890 2079 1
2419 1218 1
2419 689 1
2419 2082 1
2419 644 1
1667 1697 1
1667 340 1
1667 2123 1
1667 1725 1
615 2927 1
615 1079 1
615 448 1
615 1440 1
615 995 1
2927 864 1
2927 705 1
2927 2406 1
2117 2794 1
2117 1957 1
2117 1651 1
2117 2080 1
2117 1327 1
2794 1200 1
2794 2697 1
2794 250 1
2794 1752 1
2392 1778 1
2392 2748 1
2392 795 1
2392 195 1
2552 2722 1
2552 2866 1
2552 2541 1
2552 766 1
2552 2461 1
2722 2930 1
2722 1161 1
2722 812 1
351 2359 1
351 2898 1
351 1852 1
351 2925 1
2359 1406 1
2359 2946 1
1376 2759 1
1376 443 1
1376 1033 1
1376 1625 1
1376 74 1
2759 1198 1
2759 1011 1
2759 401 1
39 781 1
39 872 1
39 1976 1
39 731 1
39 1769 1
781 318 1
781 1136 1
781 2044 1
781 651 1
1247 2874 1
1247 1268 1
1247 1942 1
1247 832 1
1247 809 1
2874 1264 1
2874 2975 1
2874 956 1
2874 2087 1
166 327 1
166 2235 1
166 2404 1
166 1841 1
166 2570 1
327 29 1
327 1950 1
327 1994 1
327 1083 1
1413 1631 1
1413 141 1
1413 2412 1
1413 1216 1
1413 1812 1
1631 2972 1
1631 1120 1
1631 2878 1
1578 1698 1
1578 2290 1
1578 44 1
1578 2274 1
1698 2166 1
1698 295 1
1698 240 1
2789 224 1
2789 71 1
2789 710 1
2789 2265 1
1353 2748 1
1353 2752 1
1353 1718 1
1353 2775 1
1353 384 1
2748 1366 1
2748 1246 1
2748 1907 1
2067 2923 1
2067 217 1
2067 2111 1
2067 1139 1
914 1129 1
914 2221 1
914 1176 1
914 2361 1
1129 2834 1
1129 2513 1
1129 1767 1
1129 2618 1
324 1852 1
324 1402 1
324 1019 1
324 1000 1
324 1255 1
1852 1016 1
1852 1739 1
1852 1292 1
122 2886 1
122 1676 1
122 633 1
122 2170 1
122 1182 1
2886 1696 1
2886 1893 1
1646 2512 1
1646 2072 1
1646 2409 1
1646 2048 1
1646 1011 1
2512 656 1
2512 1700 1
1283 2460 1
1283 872 1
1283 372 1
1283 2818 1
1283 345 1
2460 555 1
2460 1793 1
2460 2160 1
2460 1758 1
2538 531 1
2538 2436 1
2538 1649 1
404 2720 1
404 2723 1
404 422 1
404 1585 1
404 2681 1
2720 522 1
2720 2896 1
2720 390 1
522 2712 1
522 789 1
522 775 1
522 2204 1
2712 735 1
2712 395 1
2712 2324 1
2712 1092 1
1040 2409 1
1040 628 1
1040 2816 1
1040 1458 1
1040 2186 1
2409 1569 1
2409 738 1
2409 2427 1
1375 2309 1
1375 2852 1
1375 521 1
1375 245 1
2840 2253 1
2840 2880 1
2840 990 1
620 803 1
620 855 1
620 1957 1
620 502 1
620 2663 1
803 730 1
803 290 1
803 2074 1
661 1595 1
661 2756 1
661 2885 1
661 1477 1
1595 755 1
1595 1990 1
1595 1473 1
1595 671 1
57 397 1
57 1133 1
57 2761 1
397 979 1
397 124 1
397 1334 1
397 1520 1
224 1273 1
224 2372 1
224 2051 1
1330 2656 1
1330 1930 1
1330 288 1
2656 2914 1
2656 2969 1
2656 2243 1
657 354 1
657 1718 1
657 862 1
657 17 1
306 2577 1
306 1840 1
306 123 1
1080 2710 1
1080 2032 1
1080 2566 1
1080 1424 1
2710 680 1
2710 617 1
2710 432 1
2710 2620 1
735 2149 1
735 365 1
735 2585 1
2471 2975 1
2471 2124 1
2471 1969 1
2471 1009 1
2471 2186 1
2975 255 1
2975 673 1
2975 2181 1
1858 1203 1
1858 1730 1
1858 1664 1
1858 863 1
342 107 1
342 1703 1
342 2091 1
1878 2875 1
1878 953 1
1878 853 1
1878 4 1
1878 20 1
2875 1403 1
2875 2427 1
2875 1118 1
2875 2591 1
202 1202 1
202 245 1
202 728 1
202 1669 1
202 546 1
1202 2347 1
1202 707 1
1202 534 1
1202 598 1
2795 2405 1
2795 1329 1
2795 1102 1
2252 2564 1
2252 2790 1
2252 2862 1
2252 830 1
2252 102 1
2564 2198 1
2564 1981 1
2564 1989 1
2564 2056 1
791 1974 1
791 517 1
791 1870 1
791 1564 1
1974 1964 1
1974 2822 1
1974 537 1
1974 2561 1
906 2715 1
906 1173 1
906 2673 1
906 371 1
2715 850 1
2715 2838 1
2715 1085 1
2715 1893 1
2567 1344 1
2567 1502 1
2567 2965 1
2567 2420 1
117 1737 1
117 418 1
117 1402 1
117 2501 1
117 2738 1
1737 50 1
1737 634 1
1737 2576 1
1737 2144 1
55 859 1
55 287 1
55 385 1
55 756 1
859 766 1
859 2415 1
859 2747 1
584 1617 1
584 1819 1
584 2668 1
584 2899 1
1617 438 1
1617 2755 1
1617 2822 1
1617 1869 1
71 2825 1
71 1962 1
71 2382 1
2693 2916 1
2693 2030 1
2693 2706 1
2693 2397 1
2693 1727 1
2916 2923 1
2916 1948 1
2916 192 1
2916 1674 1
2099 133 1
2099 1420 1
2099 733 1
802 1732 1
802 2713 1
802 2234 1
802 2489 1
802 363 1
1732 1642 1
1732 1628 1
1732 452 1
1732 2227 1
669 2600 1
669 1312 1
669 785 1
669 409 1
669 2112 1
2600 991 1
2600 2241 1
2942 428 1
2942 1904 1
2942 793 1
2030 686 1
2030 2255 1
2030 48 1
2030 61 1
863 2321 1
863 2185 1
863 2350 1
863 1052 1
2321 2426 1
2321 2056 1
2321 2608 1
2321 935 1
2850 2876 1
2850 2999 1
2850 2373 1
2850 587 1
2876 947 1
2876 1923 1
2876 1834 1
2876 414 1
1334 2616 1
1334 1487 1
1334 2360 1
1334 1645 1
2616 1287 1
2616 1331 1
2616 2364 1
1258 1840 1
1258 1870 1
1258 2150 1
1258 182 1
1258 1151 1
1840 1751 1
1840 2075 1
1840 484 1
160 1568 1
160 2109 1
160 1411 1
160 535 1
1568 880 1
1568 2381 1
1568 247 1
1568 1586 1
8 1699 1
8 510 1
8 2761 1
8 1045 1
8 1077 1
1699 1180 1
1699 2701 1
1699 297 1
1699 63 1
2544 2806 1
2544 432 1
2544 1789 1
2544 1579 1
2806 1469 1
2806 2692 1
2806 2483 1
2806 263 1
1401 2791 1
1401 1478 1
1401 1880 1
1401 2797 1
1401 1445 1
2791 2700 1
2791 1472 1
2791 930 1
2039 2819 1
2039 1391 1
2039 2308 1
2039 2752 1
2039 1259 1
2819 2349 1
2819 667 1
2819 1240 1
2819 1066 1
1977 1666 1
1977 1874 1
1977 1246 1
1977 1428 1
1848 2019 1
1848 2199 1
1848 2912 1
1848 2228 1
2019 659 1
2019 1198 1
2019 1322 1
2019 698 1
2639 672 1
2639 2911 1
2639 2651 1
2639 2815 1
1425 2596 1
1425 916 1
1425 1152 1
1425 582 1
1425 1882 1
2596 2294 1
2596 1554 1
2596 2878 1
349 1855 1
349 1423 1
349 2929 1
2149 1059 1
2149 138 1
2149 2214 1
2149 881 1
2196 2244 1
2196 1771 1
2196 2383 1
2196 1553 1
2196 1901 1
2244 2274 1
2244 121 1
2244 1905 1
536 2205 1
536 2620 1
536 1091 1
536 2618 1
2205 2751 1
2205 2186 1
2205 844 1
2205 2969 1
868 2678 1
868 1813 1
868 1240 1
868 1358 1
868 1654 1
2678 1328 1
2678 1079 1
2678 226 1
2678 575 1
185 1224 1
185 478 1
185 453 1
185 329 1
185 1996 1
1224 820 1
1224 1916 1
1224 1293 1
2690 2658 1
2690 1368 1
2690 2676 1
2690 950 1
350 766 1
350 1792 1
350 2961 1
350 667 1
350 87 1
766 2240 1
766 1435 1
455 819 1
455 2349 1
455 423 1
455 731 1
455 1643 1
819 2729 1
819 2658 1
819 2941 1
1731 2787 1
1731 1346 1
1731 2578 1
1731 396 1
1731 568 1
2787 1053 1
2787 546 1
2787 740 1
2787 1431 1
824 991 1
824 2218 1
824 1706 1
824 1918 1
2694 2871 1
2694 323 1
2694 885 1
2694 701 1
2871 125 1
2871 2268 1
2871 2522 1
2871 2459 1
958 2571 1
958 2517 1
958 2912 1
958 2893 1
2571 655 1
2571 2608 1
2571 396 1
1710 2206 1
1710 946 1
1710 1319 1
1710 213 1
1710 2752 1
2206 1908 1
2206 325 1
2206 251 1
2206 1935 1
44 2416 1
44 2015 1
44 980 1
44 458 1
2416 2008 1
2416 2516 1
233 1120 1
233 2138 1
233 1579 1
233 815 1
233 458 1
1120 1333 1
1120 1585 1
1120 1386 1
1916 1266 1
1916 583 1
74 309 1
74 2981 1
74 2624 1
74 644 1
309 2465 1
309 2090 1
309 1879 1
309 92 1
841 507 1
841 1629 1
841 633 1
841 454 1
896 2632 1
896 2609 1
896 2474 1
896 362 1
2632 686 1
2632 949 1
2632 1398 1
2632 1279 1
858 2111 1
858 2172 1
858 1762 1
858 777 1
858 301 1
2111 278 1
2111 142 1
2111 2909 1
1121 2979 1
1121 737 1
1121 474 1
1121 702 1
2979 1032 1
2979 601 1
2979 2130 1
2979 753 1
345 543 1
345 845 1
345 1479 1
345 63 1
543 2953 1
543 1883 1
543 352 1
543 1744 1
785 815 1
785 1248 1
785 2852 1
815 818 1
815 1341 1
815 2635 1
768 458 1
768 944 1
1685 2551 1
1685 1143 1
1685 156 1
1685 78 1
518 2686 1
518 1995 1
518 1965 1
2686 2000 1
2686 1253 1
2686 427 1
2686 1929 1
262 545 1
262 2123 1
262 2906 1
262 2156 1
545 2049 1
545 990 1
545 1843 1
1850 2896 1
1850 889 1
1850 1022 1
1850 1216 1
2896 2476 1
2896 2129 1
2896 111 1
1228 2324 1
1228 32 1
1228 873 1
1228 734 1
2324 1973 1
2324 2851 1
1143 1462 1
1143 707 1
1143 668 1
1143 1540 1
1462 2682 1
1462 1493 1
1462 2653 1
1462 2179 1
1717 1826 1
1717 372 1
1717 2487 1
440 1985 1
440 898 1
440 1203 1
440 1128 1
1985 2217 1
1985 17 1
1985 328 1
1708 2897 1
1708 2106 1
1708 2991 1
1708 2002 1
2897 1532 1
2897 2646 1
2897 973 1
2897 888 1
980 1175 1
980 846 1
980 1260 1
980 789 1
1175 1488 1
1175 2821 1
1175 1468 1
1175 2827 1
555 2998 1
555 1261 1
555 994 1
555 1062 1
579 1763 1
579 2108 1
656 908 1
656 1016 1
656 2245 1
2566 2662 1
2566 1704 1
2566 452 1
2566 627 1
2662 1007 1
2662 2606 1
2662 829 1
2662 238 1
1150 1290 1
1150 1782 1
1150 770 1
1606 2620 1
1606 1750 1
1606 1416 1
1606 1954 1
2620 1747 1
389 2922 1
389 1193 1
389 2257 1
389 2633 1
389 2274 1
2922 2546 1
2922 7 1
2922 1206 1
2922 706 1
2020 2674 1
2020 1790 1
2020 395 1
2020 1562 1
2674 747 1
2674 680 1
1863 1023 1
1863 1753 1
784 1236 1
784 728 1
784 2996 1
784 1013 1
784 2299 1
1236 339 1
1236 1706 1
1236 1089 1
1236 19 1
1443 2104 1
1443 2328 1
1443 271 1
1443 284 1
1443 2814 1
2104 2833 1
2104 212 1
2104 538 1
2104 539 1
2358 2898 1
2358 38 1
2358 104 1
2358 2216 1
2358 277 1
2898 2784 1
2898 1600 1
2898 1470 1
838 2933 1
838 1502 1
838 1794 1
838 263 1
2933 1673 1
2933 2240 1
2933 373 1
2933 1065 1
1407 1629 1
1407 2050 1
1407 2097 1
1407 1689 1
1629 1399 1
1629 1609 1
1629 1940 1
1295 2391 1
1295 418 1
1295 2473 1
1295 2645 1
1295 2502 1
2391 1649 1
2391 2390 1
2391 1543 1
1069 2802 1
1069 2970 1
1069 2528 1
2802 2081 1
2802 1720 1
2802 326 1
339 2537 1
339 709 1
339 647 1
366 844 1
366 1124 1
366 1634 1
366 40 1
366 377 1
844 230 1
844 411 1
844 2949 1
347 602 1
347 2328 1
347 1254 1
347 2288 1
602 1888 1
602 872 1
602 121 1
94 156 1
94 1687 1
94 1500 1
94 204 1
94 2153 1
156 235 1
156 2258 1
156 2865 1
840 1932 1
840 1358 1
840 2836 1
840 2300 1
1932 108 1
1932 2278 1
1932 2579 1
1932 2526 1
2509 2959 1
2509 128 1
2509 1485 1
2509 1536 1
2509 981 1
2959 608 1
2959 2062 1
2959 2305 1
2959 87 1
2623 1938 1
2623 561 1
2623 210 1
2623 2336 1
353 2073 1
353 1757 1
353 1603 1
353 2749 1
2073 1170 1
2073 2287 1
2073 1412 1
2073 1670 1
2784 577 1
2784 444 1
2784 1161 1
446 2301 1
446 737 1
446 2127 1
2301 29 1
2301 2312 1
2301 313 1
2301 1424 1
922 2230 1
922 21 1
922 707 1
2230 1084 1
2230 2136 1
2230 325 1
2230 1539 1
2434 2785 1
2434 1273 1
2434 2642 1
2434 2418 1
2434 855 1
2785 1429 1
2785 241 1
2785 1281 1
18 2763 1
18 2138 1
18 2372 1
18 2086 1
2763 494 1
2763 2093 1
2763 1261 1
2763 2280 1
689 2702 1
689 179 1
689 2578 1
689 2386 1
2702 1940 1
2702 29 1
2702 398 1
2702 2042 1
1186 1293 1
1186 1062 1
1186 493 1
1186 650 1
1186 744 1
1293 943 1
1293 2388 1
227 2119 1
227 1384 1
227 1777 1
227 827 1
227 2058 1
2119 2798 1
2119 186 1
2119 1416 1
2119 1059 1
1170 2453 1
1170 1318 1
1170 1995 1
1170 1557 1
2453 2366 1
2453 144 1
2453 617 1
2453 384 1
745 1299 1
745 1936 1
745 576 1
2209 2559 1
2209 1940 1
2209 2642 1
2209 2046 1
2209 1906 1
2559 2592 1
2559 1716 1
2559 1982 1
2559 2185 1
572 2009 1
572 191 1
572 1238 1
572 1634 1
2009 1549 1
2009 2793 1
2009 1825 1
2009 1908 1
1888 1921 1
1888 46 1
1888 975 1
1888 1270 1
2853 806 1
2853 1117 1
2853 1105 1
1809 2036 1
1809 1439 1
1809 1346 1
1809 2378 1
1809 1199 1
2036 1547 1
2036 2026 1
2036 2163 1
2036 2201 1
680 2309 1
680 1622 1
569 893 1
569 2432 1
569 2071 1
569 1594 1
569 1593 1
893 2565 1
893 2688 1
893 2537 1
1577 1649 1
1577 1314 1
1577 393 1
1577 1177 1
1577 1547 1
2965 1861 1
2965 255 1
2965 530 1
596 2716 1
596 1550 1
596 2631 1
596 1882 1
596 1199 1
2716 2880 1
2716 1943 1
2716 1587 1
2716 291 1
1879 1987 1
1879 98 1
1879 1 1
1987 1277 1
1987 1058 1
1987 1201 1
1987 2801 1
320 862 1
320 2183 1
320 165 1
320 2351 1
320 7 1
862 2418 1
862 298 1
862 777 1
1687 1362 1
1687 775 1
1687 344 1
1687 1470 1
2239 2909 1
2239 465 1
2239 1196 1
2909 2284 1
2909 2195 1
2909 232 1
1504 2985 1
1504 2771 1
1504 591 1
1504 1015 1
2985 478 1
2985 1673 1
2985 690 1
2713 1261 1
2713 510 1
2713 629 1
2713 2880 1
78 1864 1
78 2352 1
78 1216 1
78 834 1
1864 1000 1
1864 494 1
1864 77 1
1160 1374 1
1160 1184 1
1160 2379 1
1160 695 1
1374 1693 1
1374 2303 1
1374 1785 1
1374 757 1
72 2315 1
72 575 1
72 1112 1
72 1161 1
2315 341 1
2315 2463 1
2315 180 1
2315 1368 1
1035 2362 1
1035 2044 1
1035 2758 1
1035 1952 1
1035 1892 1
2362 267 1
2362 2139 1
2362 2351 1
235 266 1
235 318 1
235 865 1
1570 2706 1
1570 1807 1
1570 471 1
1570 1287 1
1570 2582 1
2706 1912 1
2706 2883 1
2706 237 1
1083 1127 1
1083 1009 1
1083 2521 1
1083 660 1
1127 2613 1
1127 400 1
1127 258 1
1127 1444 1
1255 2550 1
1255 1539 1
1255 2364 1
1255 1166 1
2550 304 1
2550 1392 1
2550 2568 1
2550 1516 1
1026 1266 1
1026 462 1
1026 10 1
1266 2537 1
1266 1342 1
1266 1528 1
1346 2116 1
1346 1281 1
1346 909 1
2116 748 1
2116 103 1
2116 822 1
2116 1748 1
563 2673 1
563 1730 1
563 2389 1
563 1132 1
563 1400 1
2673 1328 1
1223 2948 1
1223 1823 1
1223 2120 1
1223 2777 1
1223 2955 1
2948 2565 1
2948 409 1
2948 1581 1
2948 2698 1
75 2855 1
75 1036 1
75 2518 1
75 2322 1
2855 282 1
2855 2166 1
2855 249 1
2855 1131 1
804 2735 1
804 13 1
804 1480 1
804 1265 1
804 1467 1
2735 103 1
2735 3000 1
2735 2179 1
2735 4 1
1635 2663 1
1635 710 1
1635 2535 1
1635 1196 1
1635 1692 1
2663 69 1
2663 1297 1
277 1269 1
277 2312 1
277 2549 1
1269 86 1
1269 2599 1
1269 2484 1
1269 1626 1
2537 286 1
1315 2658 1
1315 445 1
1315 2607 1
1315 1339 1
1315 2739 1
2658 2017 1
753 2137 1
753 2999 1
753 1696 1
753 1583 1
2137 2579 1
2137 2884 1
2137 2197 1
1966 2884 1
1966 2381 1
1966 2128 1
1966 1239 1
1966 1305 1
2884 636 1
2884 2035 1
147 866 1
147 1634 1
147 2494 1
147 2065 1
866 2462 1
866 2259 1
866 701 1
1270 1618 1
1270 2532 1
1270 2685 1
267 2917 1
267 2773 1
267 134 1
267 1957 1
2917 641 1
2917 897 1
2917 1351 1
2917 1526 1
1963 1806 1
1963 2832 1
1963 1965 1
1963 2994 1
2536 2633 1
2536 2746 1
2536 947 1
2536 2259 1
2536 2034 1
2633 1057 1
2633 891 1
2633 2590 1
2679 2941 1
2679 2195 1
2679 1140 1
2679 1068 1
2679 81 1
2941 437 1
2941 1742 1
2941 939 1
1593 1740 1
1593 2628 1
1593 1750 1
1593 326 1
1740 484 1
1740 2399 1
1740 1873 1
2240 764 1
2240 905 1
1778 2954 1
1778 42 1
1778 237 1
2954 1050 1
2954 828 1
2954 2057 1
2954 887 1
1005 2738 1
1005 747 1
1005 2821 1
1005 1575 1
1005 462 1
2738 678 1
2738 1052 1
1015 1211 1
1015 2978 1
1015 430 1
1211 694 1
1211 741 1
1211 1114 1
1973 2900 1
1973 2394 1
1973 708 1
1973 607 1
2900 102 1
261 1008 1
261 1197 1
261 2220 1
261 2615 1
261 31 1
1008 270 1
1008 812 1
1008 2705 1
1008 873 1
1355 1804 1
1355 2151 1
1355 1527 1
1355 70 1
1804 1400 1
1804 1937 1
1804 2901 1
1804 2643 1
775 1229 1
775 2581 1
775 2836 1
1229 2082 1
1229 1327 1
1929 2305 1
1929 782 1
1929 1603 1
1929 434 1
2305 1676 1
2305 2485 1
2132 2893 1
2132 1066 1
2132 636 1
2132 175 1
2132 1752 1
2893 2077 1
2893 1794 1
2893 1179 1
98 721 1
98 1201 1
98 2774 1
721 622 1
721 2343 1
721 2308 1
813 2689 1
813 496 1
813 2894 1
813 2093 1
813 2284 1
2689 1735 1
2689 2180 1
2689 931 1
2689 1523 1
193 2981 1
193 1065 1
193 1296 1
193 2725 1
193 1333 1
2981 2299 1
2981 1296 1
714 2158 1
714 716 1
714 1009 1
714 2972 1
2158 2847 1
2158 1832 1
2158 1841 1
2158 354 1
872 355 1
872 952 1
939 2276 1
939 2064 1
939 162 1
2276 2723 1
2276 1584 1
2276 2885 1
2276 133 1
2999 1235 1
2999 855 1
1819 701 1
1819 1790 1
1819 673 1
1819 1895 1
2487 1273 1
2487 1950 1
2487 2833 1
5 2637 1
5 2760 1
5 1803 1
5 188 1
5 467 1
2637 1759 1
2637 2370 1
2637 749 1
411 1073 1
411 2357 1
411 1587 1
411 2330 1
1073 2455 1
1073 2118 1
1073 955 1
710 2866 1
710 2114 1
710 795 1
1861 1471 1
1861 201 1
1861 1128 1
1861 583 1
1276 2046 1
1276 1539 1
1276 400 1
1276 495 1
1276 709 1
2046 668 1
2046 1906 1
2046 2889 1
2841 513 1
2841 996 1
2841 1643 1
2841 2232 1
2192 243 1
2192 190 1
2192 953 1
2192 2964 1
2017 1748 1
2017 2288 1
1499 1566 1
1499 1212 1
1499 2890 1
1499 1934 1
1566 139 1
1566 1394 1
1566 43 1
1566 956 1
1309 1405 1
1309 331 1
1309 963 1
1405 604 1
1405 1859 1
1405 691 1
1405 855 1
1097 1522 1
1097 1887 1
1097 982 1
1097 2049 1
1097 550 1
1522 2071 1
1522 2918 1
1522 2236 1
801 2692 1
801 1447 1
801 937 1
2692 2044 1
2692 182 1
2053 2088 1
2053 1773 1
2053 1871 1
2053 1314 1
2053 2437 1
2088 2681 1
2088 2617 1
2088 1197 1
2088 2729 1
2696 2719 1
2696 975 1
2696 1548 1
2696 1208 1
2719 358 1
2719 2429 1
2719 919 1
973 2395 1
973 894 1
973 2614 1
973 1802 1
2395 986 1
2395 2291 1
2395 84 1
2395 329 1
1173 242 1
1173 2059 1
1173 2585 1
1173 1956 1
1344 284 1
1344 355 1
1344 2410 1
1344 1776 1
1380 2520 1
1380 164 1
1380 2557 1
196 259 1
196 2031 1
196 1327 1
196 2450 1
196 2233 1
259 1408 1
259 2255 1
259 269 1
259 2851 1
1518 357 1
1518 589 1
1518 2664 1
1690 2157 1
1690 1832 1
1690 2801 1
1690 1333 1
2157 1909 1
2157 526 1
2157 2231 1
2157 1498 1
1705 2960 1
1705 1585 1
1705 1061 1
1705 940 1
1705 1335 1
2960 575 1
2960 1227 1
2960 129 1
2960 19 1
1918 2021 1
1918 2337 1
1918 1383 1
1918 1944 1
2021 2448 1
2021 945 1
2021 1313 1
2021 700 1
2718 2384 1
2718 167 1
2718 674 1
2718 1609 1
951 1195 1
951 46 1
951 2856 1
951 2765 1
238 2592 1
238 2521 1
238 2436 1
238 1660 1
2592 1873 1
2592 2319 1
2592 1549 1
1619 850 1
1619 817 1
1619 470 1
1619 2159 1
1883 2444 1
1883 2929 1
1883 2410 1
2444 1947 1
2444 2765 1
2444 1321 1
2444 1023 1
1093 2059 1
1093 76 1
1093 2 1
1093 2248 1
1093 1688 1
2059 1934 1
2059 2587 1
2059 64 1
728 1409 1
728 1695 1
728 2945 1
1409 45 1
1409 1479 1
1409 2094 1
1409 1153 1
2195 141 1
2195 1510 1
1500 2288 1
1500 17 1
1500 2184 1
1500 836 1
2043 2847 1
2043 1553 1
2043 1321 1
2043 1892 1
2043 236 1
2847 1422 1
2847 2651 1
2847 1393 1
310 2064 1
310 1870 1
310 2681 1
310 81 1
310 281 1
2064 1902 1
2064 2490 1
2064 480 1
1795 2745 1
1795 23 1
1795 2291 1
1795 1589 1
1795 1756 1
2745 2478 1
2745 1824 1
2745 755 1
817 1077 1
817 385 1
817 2167 1
817 454 1
1077 1468 1
1077 1597 1
1077 1713 1
2284 2371 1
2284 2546 1
2284 482 1
830 1541 1
830 1538 1
830 592 1
830 938 1
1541 628 1
1541 1752 1
1541 2018 1
1541 2122 1
1378 2807 1
1378 1951 1
1378 984 1
1378 2379 1
2807 2857 1
2807 1237 1
2807 2862 1
2807 2337 1
2366 1999 1
2366 152 1
2366 694 1
2366 488 1
490 1887 1
490 842 1
490 1991 1
490 493 1
490 1434 1
1887 629 1
1887 1729 1
1887 1836 1
1302 1536 1
1302 2946 1
1302 1433 1
1302 2414 1
1302 1598 1
1536 2087 1
1536 1308 1
1243 2353 1
1243 503 1
1243 2570 1
1243 1525 1
1243 2079 1
2353 54 1
2353 2955 1
2353 1835 1
2353 1417 1
1711 2458 1
1711 2574 1
1711 2814 1
1711 170 1
1711 2476 1
2458 2827 1
2458 2756 1
2458 968 1
2458 1420 1
2406 415 1
2406 358 1
2406 1274 1
346 2367 1
346 1508 1
346 2799 1
2367 725 1
2367 606 1
2367 424 1
2367 2023 1
464 1834 1
464 984 1
464 421 1
464 1194 1
464 2001 1
1834 1706 1
1424 2401 1
1424 17 1
1424 2677 1
2401 2533 1
2401 1980 1
2401 499 1
2401 2081 1
1193 1714 1
1193 2597 1
1193 86 1
1714 2997 1
1714 1818 1
1714 135 1
1714 560 1
289 2772 1
289 2380 1
289 1935 1
289 448 1
289 2352 1
2772 1230 1
2772 1844 1
2772 630 1
1621 667 1
1621 2065 1
1621 1697 1
1621 24 1
1893 10 1
1893 2334 1
13 1561 1
13 1237 1
13 1472 1
13 425 1
1561 597 1
1561 2533 1
1561 1248 1
1561 580 1
1408 1760 1
1408 915 1
1408 2357 1
1408 2724 1
1760 1216 1
1760 2228 1
2034 2451 1
2034 1135 1
2034 675 1
2034 2280 1
2451 2333 1
2451 2203 1
2451 1060 1
2451 154 1
394 2421 1
394 516 1
394 1239 1
394 2685 1
2421 2635 1
2421 1926 1
2421 2425 1
2288 1990 1
869 1024 1
869 456 1
869 2543 1
869 241 1
1050 732 1
1050 678 1
1050 1630 1
1050 467 1
1676 1696 1
1676 826 1
1676 1260 1
1696 1113 1
1696 1803 1
628 1230 1
628 826 1
2579 538 1
2579 232 1
1526 2654 1
1526 64 1
1526 477 1
1526 1111 1
2654 1472 1
2654 1328 1
2654 317 1
2654 576 1
1920 2056 1
1920 1772 1
1920 387 1
1920 708 1
1920 851 1
2056 2405 1
2056 1051 1
614 2394 1
614 549 1
614 1873 1
2946 2573 1
2946 2488 1
705 741 1
705 1110 1
705 2501 1
741 1064 1
741 2680 1
741 2968 1
58 1159 1
58 591 1
58 903 1
58 337 1
58 2105 1
1159 1955 1
1159 1802 1
1159 170 1
34 2788 1
34 2823 1
34 2877 1
34 595 1
34 2442 1
2788 1320 1
2788 857 1
2788 1898 1
894 1431 1
894 2134 1
1431 1978 1
1431 2882 1
1431 1387 1
3000 2311 1
3000 286 1
3000 1432 1
1076 1142 1
1076 1845 1
1076 1484 1
1076 758 1
1076 965 1
1142 123 1
1142 1301 1
1142 2316 1
1142 2790 1
1389 2312 1
1389 12 1
1389 2770 1
1389 2653 1
1389 281 1
2312 1694 1
2312 681 1
800 2146 1
800 2011 1
800 2057 1
800 880 1
2146 2242 1
2146 2478 1
2146 295 1
2146 2128 1
645 811 1
645 2236 1
645 675 1
645 1702 1
645 586 1
811 1609 1
811 754 1
811 2920 1
811 299 1
1039 2199 1
1039 907 1
1039 2165 1
1039 2385 1
2199 625 1
2274 2032 1
2274 257 1
33 2684 1
33 1908 1
33 839 1
2684 552 1
2684 466 1
1774 1830 1
1774 519 1
1774 2171 1
1774 2793 1
1774 1915 1
1830 1815 1
1830 153 1
1830 1648 1
1830 827 1
299 1342 1
299 2644 1
299 847 1
299 472 1
1342 1942 1
1342 2124 1
1342 758 1
577 2250 1
577 2518 1
577 1583 1
577 1829 1
1172 1910 1
1172 937 1
1172 1459 1
1172 2677 1
1172 2617 1
1910 870 1
1910 899 1
1910 2862 1
358 1922 1
358 2935 1
1922 2213 1
1922 2155 1
1922 2023 1
1922 2809 1
2214 2516 1
2214 2578 1
2214 1855 1
2516 2591 1
2516 1905 1
2516 1469 1
1273 1544 1
1273 2335 1
225 2561 1
225 2441 1
225 634 1
225 675 1
225 2155 1
2561 2683 1
2561 1964 1
2561 1721 1
2041 846 1
2041 457 1
2041 2555 1
1751 2105 1
1751 751 1
292 2507 1
292 1937 1
292 984 1
292 1470 1
2507 550 1
108 1989 1
108 32 1
108 2269 1
531 574 1
531 2529 1
531 28 1
531 1139 1
574 1282 1
574 2269 1
574 2606 1
2490 2572 1
2490 2343 1
2490 683 1
2572 1653 1
2572 1575 1
2572 1214 1
2572 24 1
1447 1741 1
1447 2889 1
1447 161 1
1447 2511 1
1741 445 1
1741 410 1
1741 1312 1
1557 2138 1
1557 593 1
1557 2827 1
1557 2092 1
2138 1986 1
2138 2964 1
158 706 1
158 963 1
158 2782 1
158 142 1
158 1881 1
706 2092 1
706 487 1
1782 2485 1
1782 2704 1
1782 2371 1
2485 2445 1
2485 2467 1
2485 2061 1
806 1681 1
806 649 1
806 2370 1
1681 1720 1
1681 1996 1
1681 1218 1
694 2873 1
694 357 1
472 2330 1
472 183 1
472 2338 1
472 161 1
2330 1736 1
2330 1627 1
2330 1187 1
357 2495 1
357 1124 1
1979 2770 1
1979 508 1
1979 1316 1
1979 435 1
1979 2668 1
2770 852 1
2770 69 1
1110 2092 1
1110 1287 1
1110 2455 1
1110 135 1
2092 972 1
2072 1669 1
2072 2334 1
2072 1839 1
2072 2260 1
686 908 1
686 2630 1
686 2755 1
285 1686 1
285 953 1
285 24 1
285 2170 1
285 427 1
1686 1478 1
1686 2184 1
1686 1851 1
1686 607 1
598 521 1
598 2698 1
598 2545 1
1420 2254 1
1420 1075 1
2254 940 1
2254 1305 1
2254 2545 1
2254 1411 1
255 2746 1
255 2488 1
255 1625 1
2746 1975 1
1923 179 1
1923 1616 1
1923 967 1
934 1048 1
934 2279 1
934 2144 1
934 1404 1
934 2495 1
1048 845 1
1048 1806 1
1048 1101 1
197 2921 1
197 2183 1
197 189 1
197 1473 1
1391 2721 1
1391 1181 1
1391 1444 1
1391 2057 1
2721 955 1
2721 619 1
2721 698 1
2721 2080 1
621 1756 1
621 764 1
621 1516 1
621 2373 1
621 1491 1
1756 121 1
1756 2779 1
1756 1084 1
1422 2973 1
1422 1116 1
1422 2070 1
2973 944 1
2973 2822 1
2973 381 1
1813 2248 1
1813 171 1
1813 2044 1
491 2022 1
491 561 1
491 1412 1
2644 415 1
2644 864 1
2644 2294 1
2644 932 1
663 2653 1
663 2402 1
663 1880 1
663 938 1
2565 1373 1
2565 1712 1
2565 14 1
2167 1513 1
2167 2586 1
2167 1134 1
631 2336 1
631 1772 1
631 2750 1
631 2645 1
2336 459 1
2336 1730 1
2336 2273 1
851 1615 1
851 1739 1
2069 549 1
2069 1982 1
2069 2750 1
1147 1169 1
1147 2279 1
1147 1287 1
1147 2000 1
1147 1364 1
1169 430 1
1169 2201 1
1169 795 1
786 2676 1
786 2287 1
786 2528 1
786 2939 1
1287 45 1
367 907 1
367 2695 1
367 2799 1
367 1873 1
1328 1009 1
1328 1471 1
1252 1865 1
1252 1060 1
1252 1793 1
1252 2523 1
1252 1388 1
1865 1125 1
1865 2105 1
312 489 1
312 2343 1
312 1747 1
312 2864 1
489 2139 1
489 2793 1
489 2542 1
1215 1274 1
1215 243 1
1215 1581 1
2455 629 1
2455 1897 1
936 204 1
936 918 1
936 2546 1
1908 2682 1
1908 1569 1
507 2650 1
507 1662 1
507 724 1
507 1791 1
2650 2940 1
2650 1907 1
2650 731 1
2650 972 1
1197 740 1
1197 984 1
1386 1572 1
1386 969 1
1386 1354 1
1386 687 1
1572 298 1
1572 1473 1
1572 2831 1
1572 2465 1
152 207 1
152 383 1
152 1476 1
152 278 1
207 2731 1
207 401 1
207 1913 1
207 2091 1
2266 481 1
2266 99 1
2266 849 1
2266 79 1
215 1724 1
215 201 1
215 1314 1
215 2121 1
1724 1491 1
1724 660 1
1724 1689 1
1724 1762 1
1128 921 1
1128 677 1
1046 1652 1
1046 217 1
1046 2852 1
1046 2771 1
1046 1036 1
1652 527 1
1652 1562 1
1652 1460 1
1652 317 1
1904 1912 1
1904 2180 1
1904 1947 1
1904 1514 1
1912 2165 1
1912 369 1
1817 2963 1
1817 2253 1
1817 1087 1
1817 2223 1
1817 41 1
2963 523 1
2963 1245 1
2963 1895 1
2963 2796 1
1614 2109 1
1614 556 1
1614 163 1
1614 740 1
2109 2866 1
2109 1323 1
2723 2464 1
2723 2231 1
2573 388 1
2573 2096 1
2573 2108 1
748 742 1
748 1715 1
748 1332 1
748 704 1
1814 441 1
1814 1875 1
1814 2961 1
92 2943 1
92 1539 1
92 16 1
92 1637 1
2943 693 1
2943 1163 1
2943 1992 1
2943 113 1
1752 2287 1
1752 9 1
782 1064 1
782 2236 1
782 1174 1
782 2586 1
191 441 1
191 337 1
441 2343 1
441 1043 1
441 2652 1
86 2899 1
86 2278 1
86 1866 1
2899 2657 1
2899 1148 1
2899 919 1
213 2186 1
213 910 1
213 70 1
2186 187 1
2345 2761 1
2345 1300 1
2345 2282 1
1021 208 1
1021 1627 1
1021 668 1
1021 1779 1
159 1428 1
159 1483 1
159 926 1
159 2545 1
159 2113 1
1428 385 1
1428 2128 1
1428 2070 1
1437 2045 1
1437 2786 1
1437 2648 1
1437 738 1
1437 2924 1
2045 2554 1
2045 2054 1
2045 619 1
334 2183 1
334 2533 1
334 28 1
334 1722 1
2183 2562 1
2183 2344 1
1653 2708 1
1653 356 1
1653 833 1
1653 1002 1
910 495 1
910 2136 1
910 2071 1
653 1182 1
653 1118 1
653 1845 1
653 564 1
653 2309 1
1182 2903 1
1182 100 1
1182 2037 1
469 1361 1
469 1404 1
469 212 1
469 2970 1
1361 1075 1
1361 2949 1
1361 1529 1
1473 2641 1
1473 2243 1
2641 2016 1
2641 17 1
2641 21 1
678 2219 1
678 2438 1
814 1773 1
814 2936 1
814 1519 1
814 1881 1
814 1486 1
1773 2016 1
1773 2438 1
1773 622 1
328 1556 1
328 2163 1
328 1234 1
1508 2864 1
1508 2388 1
1508 1954 1
1508 732 1
2864 2204 1
2864 1505 1
2864 1336 1
997 1894 1
997 2083 1
997 2290 1
997 927 1
1894 924 1
1894 499 1
1894 623 1
1894 2473 1
1550 1981 1
1550 1523 1
1550 2376 1
2022 2218 1
2022 2316 1
2022 2253 1
2022 269 1
133 2159 1
133 1835 1
1598 2757 1
1598 1567 1
1598 1300 1
1598 2557 1
2757 1075 1
2757 1627 1
2757 1398 1
2757 1990 1
612 1265 1
612 649 1
612 1812 1
612 451 1
612 2381 1
1265 2615 1
1265 2856 1
1265 62 1
1004 2018 1
1004 1618 1
1004 1109 1
1004 1062 1
1004 1112 1
2018 2889 1
2018 707 1
2018 2468 1
99 2076 1
99 2054 1
99 681 1
1463 2569 1
1463 2265 1
1463 2061 1
1463 739 1
1463 2576 1
2569 810 1
2569 625 1
2569 1545 1
2569 2998 1
424 1968 1
424 2630 1
424 516 1
424 1716 1
1968 2826 1
1968 1753 1
1968 2113 1
1968 930 1
618 2248 1
618 1634 1
618 422 1
618 548 1
618 1884 1
2248 842 1
2248 1398 1
733 2952 1
733 839 1
733 1515 1
2952 1839 1
2952 435 1
2952 2283 1
948 2648 1
948 1836 1
948 1320 1
948 2296 1
948 1915 1
2648 1736 1
2648 1471 1
2648 223 1
1034 1897 1
1034 247 1
1034 466 1
1034 1493 1
1034 662 1
1897 941 1
1897 245 1
1897 630 1
1645 333 1
1645 1148 1
1645 393 1
96 1385 1
96 2468 1
96 1163 1
96 581 1
96 772 1
1385 1131 1
1385 2461 1
53 749 1
53 682 1
53 538 1
53 593 1
749 1094 1
749 826 1
749 2162 1
677 2828 1
677 1950 1
677 2638 1
677 1249 1
2828 2178 1
2828 2390 1
2828 770 1
1176 2246 1
1176 1735 1
1176 109 1
1176 303 1
2246 676 1
2246 274 1
2246 566 1
2246 381 1
992 1671 1
992 1268 1
992 1337 1
992 1241 1
992 494 1
1671 2383 1
1671 1701 1
1671 1691 1
608 2957 1
608 2452 1
608 2010 1
608 1185 1
2957 1891 1
2957 2935 1
2957 409 1
2957 1436 1
1693 1718 1
1693 644 1
1718 2354 1
699 2294 1
699 1871 1
699 344 1
699 2055 1
2294 1615 1
2294 2955 1
126 2661 1
126 1857 1
126 2151 1
126 1455 1
2661 2937 1
2661 2441 1
2661 2118 1
2661 2225 1
513 2583 1
513 762 1
513 1435 1
513 1426 1
1490 2823 1
1490 2928 1
1490 1222 1
1490 2164 1
1490 1783 1
2823 843 1
2823 1164 1
734 1497 1
734 2185 1
734 2187 1
734 1730 1
1497 1713 1
1497 1823 1
1497 365 1
1497 1397 1
2980 2350 1
2980 2774 1
2980 226 1
2980 629 1
1200 2990 1
1200 188 1
1200 2283 1
1200 105 1
2990 487 1
2990 2646 1
2990 1531 1
2990 2755 1
336 2390 1
336 1574 1
336 772 1
336 2112 1
2390 2651 1
2390 47 1
1022 1900 1
1022 107 1
1022 1833 1
1022 2612 1
1900 1067 1
1900 236 1
1900 1981 1
1900 1292 1
459 511 1
459 1599 1
459 2542 1
511 2714 1
511 77 1
511 594 1
1609 986 1
1609 1112 1
190 996 1
190 1333 1
996 2357 1
996 1677 1
996 232 1
363 1153 1
363 2503 1
363 2449 1
363 1433 1
1153 1592 1
1153 198 1
1153 218 1
426 2670 1
426 1563 1
426 2026 1
426 2758 1
426 1087 1
2670 2249 1
2670 155 1
2670 1429 1
911 2190 1
911 174 1
911 1866 1
911 1456 1
2190 2462 1
2190 2859 1
2190 944 1
2190 2846 1
2180 952 1
940 2891 1
940 274 1
940 1669 1
2891 827 1
2891 425 1
2891 2906 1
2891 1442 1
2556 1152 1
2556 356 1
2556 2574 1
2556 2940 1
2635 2634 1
2635 2424 1
239 1797 1
239 2510 1
239 2938 1
239 1442 1
1797 1926 1
1797 870 1
1797 1811 1
1934 1503 1
1934 1796 1
1934 2628 1
176 1448 1
176 2349 1
176 2892 1
1448 1838 1
1448 482 1
1448 1421 1
1448 2 1
991 137 1
991 3 1
2761 149 1
2634 205 1
2634 629 1
2634 1057 1
2634 2895 1
139 2685 1
139 568 1
139 812 1
139 157 1
416 2103 1
416 2760 1
416 908 1
416 1896 1
416 2919 1
2103 2174 1
2103 1036 1
2103 1288 1
2298 2457 1
2298 14 1
2298 2228 1
2298 1485 1
2457 527 1
2457 468 1
2457 1134 1
2457 1205 1
11 68 1
11 2296 1
11 149 1
11 1546 1
11 918 1
68 1123 1
68 2519 1
68 2751 1
68 835 1
623 1615 1
623 679 1
623 2095 1
623 2918 1
1615 919 1
1615 1234 1
502 571 1
502 1382 1
502 283 1
502 957 1
571 1044 1
571 1951 1
571 2208 1
323 865 1
323 2145 1
323 2443 1
323 1851 1
865 2087 1
865 1017 1
865 26 1
613 1341 1
613 1092 1
613 1475 1
613 1611 1
613 2708 1
1341 1780 1
1341 912 1
1341 337 1
516 2297 1
516 2588 1
516 564 1
1775 2766 1
1775 2211 1
1775 1599 1
1775 2437 1
1775 209 1
2766 1116 1
2766 2994 1
2766 1972 1
2087 1525 1
2087 157 1
314 2213 1
314 1697 1
314 1997 1
314 1290 1
2213 1367 1
2213 2038 1
2213 2541 1
1100 2856 1
1100 1072 1
1100 234 1
1100 1691 1
1100 454 1
2383 2665 1
2383 1749 1
2154 1547 1
2154 1479 1
2154 1955 1
2154 884 1
2555 1655 1
2555 123 1
2555 1279 1
2489 2523 1
2489 1585 1
2489 2950 1
2489 903 1
2523 1140 1
2523 2335 1
2523 1820 1
1030 2797 1
1030 1204 1
1030 1303 1
1030 547 1
1030 1161 1
2797 1689 1
2797 582 1
2797 2691 1
870 1384 1
870 2780 1
870 1853 1
1384 1158 1
1384 2346 1
1064 2257 1
1064 1509 1
1094 372 1
1094 1163 1
1094 2581 1
81 2355 1
81 2964 1
81 1758 1
2355 2299 1
2355 884 1
2355 971 1
1999 352 1
1999 2290 1
1999 932 1
1999 407 1
385 1936 1
385 886 1
1016 1254 1
1016 1812 1
2296 1271 1
2296 2465 1
298 1343 1
298 903 1
298 627 1
503 2987 1
503 2685 1
503 757 1
503 1913 1
2987 1960 1
2987 473 1
2987 110 1
2987 2084 1
1343 2972 1
1343 2223 1
1343 794 1
1343 2011 1
1616 2821 1
764 2902 1
764 2290 1
764 957 1
2833 989 1
2833 1876 1
2833 1098 1
1524 2258 1
1524 989 1
1524 1988 1
1524 2001 1
1524 2368 1
2258 500 1
2258 1057 1
2258 2997 1
474 1010 1
474 988 1
474 916 1
474 25 1
1010 1984 1
1010 1596 1
1010 26 1
1010 2801 1
198 846 1
198 930 1
198 2584 1
198 2389 1
846 672 1
846 1191 1
333 2468 1
333 216 1
333 943 1
333 2480 1
2468 1024 1
2468 1033 1
243 1757 1
243 1546 1
243 1961 1
1757 2140 1
1757 123 1
1757 880 1
557 1395 1
557 1146 1
557 1451 1
557 144 1
1395 1510 1
1395 671 1
1395 194 1
1395 2971 1
294 2476 1
294 1597 1
294 1436 1
1818 2597 1
1818 832 1
1818 141 1
2597 1618 1
2597 1875 1
1033 1383 1
1033 2783 1
1950 498 1
1950 2711 1
701 1588 1
701 311 1
1588 63 1
1588 2646 1
1588 2593 1
1123 26 1
1123 2892 1
1123 561 1
883 2238 1
883 927 1
883 37 1
883 912 1
2238 230 1
2238 890 1
2238 1427 1
2238 50 1
2760 2110 1
2760 1191 1
2760 2377 1
2651 1256 1
2651 552 1
549 702 1
549 1352 1
549 447 1
1201 2749 1
1201 1822 1
1201 666 1
2749 711 1
2749 1125 1
1488 1796 1
1488 718 1
1488 2070 1
1488 269 1
1796 700 1
1796 2887 1
1075 2412 1
1075 1651 1
216 1896 1
216 38 1
216 1519 1
1896 348 1
1896 1534 1
1896 2171 1
847 1081 1
847 1565 1
847 1329 1
847 501 1
1099 2859 1
1099 2188 1
1099 1453 1
1099 926 1
1099 750 1
2859 925 1
1125 821 1
1125 403 1
1125 1554 1
2682 109 1
2682 1133 1
2682 1364 1
1400 116 1
1400 904 1
1400 1955 1
445 1638 1
445 2031 1
445 1951 1
1018 2934 1
1018 708 1
1018 1241 1
1018 1902 1
1018 398 1
2934 763 1
2934 1525 1
2934 2218 1
228 1209 1
228 1259 1
228 2949 1
228 1486 1
1483 1984 1
1483 667 1
1483 1592 1
1057 1927 1
1057 1204 1
432 737 1
432 1763 1
2357 1146 1
2357 599 1
103 1322 1
103 1701 1
1322 821 1
1322 2004 1
1322 2622 1
1469 586 1
1469 420 1
1469 70 1
1429 1458 1
1429 2629 1
1458 2517 1
1458 1208 1
1458 265 1
183 793 1
183 64 1
183 2100 1
793 9 1
793 37 1
1585 1702 1
1061 379 1
1061 2923 1
1061 24 1
1061 2282 1
829 904 1
829 1642 1
829 1257 1
829 100 1
904 2211 1
904 821 1
904 2502 1
1140 1081 1
1140 2826 1
23 1972 1
23 1948 1
23 2173 1
23 1249 1
1972 2808 1
1972 1602 1
1972 746 1
1209 1857 1
1209 229 1
1209 2078 1
551 2128 1
551 478 1
551 127 1
551 2587 1
551 1517 1
2128 1765 1
931 2120 1
931 1364 1
931 921 1
931 1145 1
2120 1240 1
2120 1753 1
2752 1489 1
2752 1109 1
164 672 1
164 2543 1
164 2703 1
672 1208 1
672 1068 1
1248 1327 1
1248 2993 1
1067 1955 1
1067 251 1
1067 1992 1
1067 692 1
1713 1388 1
1713 2593 1
2609 1969 1
2609 2570 1
2609 2062 1
842 231 1
842 1889 1
842 525 1
1947 1822 1
1947 1842 1
1947 562 1
1575 37 1
1575 807 1
848 428 1
848 492 1
848 1666 1
848 1264 1
647 2711 1
647 9 1
647 131 1
647 2264 1
2711 393 1
2711 1563 1
2193 808 1
2193 723 1
1218 2100 1
1218 2221 1
1218 1311 1
912 2269 1
912 124 1
1190 2586 1
1190 52 1
1190 1727 1
1190 2217 1
1190 477 1
2586 2816 1
2586 2542 1
918 1898 1
918 1988 1
918 1792 1
1898 1032 1
1898 1761 1
1898 2313 1
443 2170 1
443 2774 1
443 271 1
443 2808 1
1403 1418 1
1403 465 1
1418 2483 1
1418 2474 1
250 981 1
250 41 1
250 2867 1
981 2554 1
981 2558 1
981 1184 1
2204 1700 1
2204 2280 1
1079 743 1
1079 1164 1
1921 2283 1
1921 69 1
1921 1792 1
2283 2608 1
2283 1402 1
1387 1824 1
1387 465 1
1387 1980 1
1387 1596 1
1824 1417 1
1824 2800 1
1824 1995 1
850 2076 1
850 716 1
282 31 1
282 650 1
282 1371 1
433 2270 1
433 2562 1
433 1680 1
433 2657 1
433 982 1
2270 1768 1
2270 521 1
2270 2462 1
908 1331 1
908 660 1
1331 132 1
1331 1297 1
1331 1677 1
2668 2002 1
2668 695 1
2668 2347 1
2083 580 1
2083 1452 1
2083 1102 1
2083 2344 1
1656 1719 1
1656 2812 1
1656 2890 1
1656 153 1
1719 1452 1
1719 2901 1
1719 2603 1
1719 539 1
257 2273 1
257 783 1
257 100 1
257 2527 1
2273 1451 1
2273 2647 1
201 2378 1
201 1068 1
201 1642 1
2378 2995 1
2378 1496 1
2378 384 1
700 730 1
700 1884 1
700 711 1
2164 2435 1
2164 1523 1
2164 2652 1
1417 203 1
128 1815 1
128 134 1
128 1187 1
128 2226 1
451 1213 1
451 2389 1
451 1997 1
1213 1009 1
1213 2793 1
1213 2890 1
93 1505 1
93 319 1
93 760 1
93 2539 1
93 1043 1
1505 777 1
1505 2901 1
1505 2410 1
217 2456 1
217 2515 1
217 2750 1
174 2396 1
174 401 1
174 938 1
174 682 1
2396 2256 1
2396 2129 1
2396 2413 1
2396 771 1
2188 1747 1
2188 860 1
2188 1800 1
2845 2910 1
2845 670 1
2845 1359 1
2845 1725 1
2845 2926 1
2910 286 1
2910 2996 1
2910 1239 1
979 2901 1
979 1669 1
1268 1222 1
1268 1781 1
2907 1116 1
2907 2642 1
2907 1608 1
2907 1101 1
118 1454 1
118 2110 1
118 1156 1
118 2803 1
1454 1117 1
1454 2978 1
1454 1799 1
1454 2695 1
355 497 1
355 590 1
355 457 1
905 1275 1
905 1626 1
905 535 1
1275 1131 1
1275 2767 1
1275 413 1
1275 2695 1
1516 887 1
1516 969 1
1516 1765 1
1066 963 1
1066 27 1
1066 2594 1
2607 993 1
2607 2447 1
2607 2481 1
2607 589 1
208 2515 1
208 2939 1
208 2683 1
2515 2127 1
2515 754 1
2515 1090 1
1397 2151 1
1397 2877 1
1397 510 1
2151 2051 1
649 867 1
649 1902 1
649 1528 1
2824 1449 1
2824 2605 1
2824 399 1
2824 2995 1
2343 837 1
532 2612 1
532 2361 1
532 373 1
532 538 1
532 2887 1
2612 762 1
2612 341 1
2612 1942 1
2940 116 1
2940 2385 1
2940 1053 1
281 1044 1
281 945 1
1044 2340 1
1044 1288 1
1044 280 1
410 636 1
410 2351 1
410 1771 1
410 1345 1
636 2114 1
636 2747 1
2456 783 1
2456 1078 1
1354 1902 1
1354 2387 1
1354 129 1
1354 2428 1
1902 2598 1
635 754 1
635 187 1
635 2698 1
635 1761 1
635 949 1
754 1235 1
754 7 1
29 2930 1
29 2061 1
2930 1360 1
2930 1072 1
2930 270 1
1744 2316 1
1744 655 1
1744 921 1
1744 229 1
2316 2110 1
2316 2508 1
372 2820 1
372 2680 1
83 1180 1
83 845 1
83 1163 1
83 2744 1
83 2257 1
1180 903 1
1180 2657 1
1180 449 1
487 1749 1
487 2152 1
487 1637 1
1299 2709 1
1299 2319 1
1299 2241 1
1299 2599 1
242 1722 1
242 1828 1
361 2356 1
361 1982 1
361 1106 1
361 535 1
361 644 1
2356 2426 1
2356 301 1
2356 2006 1
402 408 1
402 2739 1
402 2921 1
402 1045 1
402 338 1
408 1253 1
408 2352 1
2740 2991 1
2740 2295 1
2740 2781 1
2740 1482 1
2740 2528 1
2991 1960 1
2991 488 1
2991 913 1
1594 2264 1
1594 2530 1
1594 2995 1
2264 790 1
2264 1688 1
1031 1104 1
1031 2519 1
1031 105 1
1031 2414 1
1031 2603 1
1104 2518 1
1104 562 1
1984 1106 1
1984 2522 1
1984 409 1
831 1753 1
831 591 1
831 375 1
831 2822 1
831 352 1
1753 43 1
175 2580 1
175 609 1
175 895 1
175 2432 1
2580 1509 1
2580 1206 1
2580 1777 1
2580 2743 1
599 1366 1
599 50 1
599 2928 1
1366 2068 1
1366 2970 1
1366 2025 1
2236 273 1
810 1339 1
810 2929 1
810 1936 1
810 91 1
1314 2531 1
1314 2880 1
1892 470 1
1892 40 1
857 1338 1
857 113 1
857 2234 1
857 210 1
1338 1975 1
1338 2969 1
1338 199 1
2638 2835 1
2638 2577 1
2638 2590 1
2638 493 1
2835 1383 1
2835 2786 1
1404 1736 1
1404 1054 1
1404 520 1
1736 871 1
149 985 1
149 2777 1
1051 2106 1
1051 1091 1
1051 659 1
1051 1453 1
2106 1975 1
2106 1109 1
2106 488 1
1502 2108 1
1502 400 1
1502 616 1
1546 1398 1
1546 332 1
1065 1412 1
1065 2937 1
1065 1316 1
2688 969 1
2688 2756 1
2688 2514 1
1605 2665 1
1605 2338 1
1605 2529 1
1605 1692 1
1605 1995 1
2665 40 1
2665 283 1
2665 673 1
732 2534 1
732 2131 1
732 1986 1
963 2210 1
2475 2669 1
2475 1324 1
2475 2420 1
2475 1191 1
2475 1012 1
2669 2961 1
2669 2479 1
2669 2730 1
2669 2494 1
2074 2096 1
2074 2461 1
2074 2102 1
2096 2250 1
2096 1841 1
2096 2491 1
1113 2058 1
1113 2060 1
1113 2867 1
1113 231 1
2058 1506 1
2058 2338 1
2058 1998 1
332 2247 1
332 2978 1
332 2291 1
332 2582 1
2247 2428 1
2247 2143 1
2247 1312 1
2247 827 1
2463 2551 1
2463 798 1
2463 658 1
2463 359 1
2551 2560 1
2551 1460 1
2551 1692 1
2394 2472 1
2394 891 1
2394 2491 1
913 2414 1
913 180 1
913 1348 1
2414 2054 1
1007 2049 1
1007 919 1
1007 1877 1
1007 170 1
2049 1320 1
718 2337 1
718 2877 1
112 2365 1
112 59 1
112 2642 1
112 739 1
112 2529 1
2365 2269 1
2365 165 1
2365 1183 1
2365 1148 1
2285 2666 1
2285 1297 1
2285 676 1
2285 91 1
2285 1119 1
2666 2063 1
2666 2289 1
2666 449 1
915 2514 1
915 2333 1
915 2326 1
2653 2511 1
2653 603 1
553 795 1
553 1023 1
553 1674 1
795 2029 1
229 1903 1
229 2127 1
229 258 1
1903 2448 1
1903 362 1
1903 2373 1
1903 2615 1
2877 932 1
2877 2480 1
937 2773 1
937 2380 1
2287 1626 1
2287 2839 1
2767 2790 1
2767 454 1
2767 6 1
2767 2714 1
2790 1212 1
2790 1790 1
1955 2430 1
163 2588 1
163 2747 1
1054 1689 1
1054 1880 1
1054 1485 1
2448 2993 1
2448 2521 1
1673 843 1
1673 1272 1
1673 1306 1
1020 650 1
1020 500 1
1020 2937 1
1020 462 1
1975 2919 1
1975 1622 1
2145 925 1
2145 1569 1
2145 1082 1
2297 2918 1
2297 2382 1
2297 1884 1
2297 407 1
2918 2829 1
2918 2122 1
2591 2870 1
2591 2502 1
2870 1787 1
2870 2854 1
2870 1206 1
2870 1313 1
1264 1543 1
1264 1642 1
1543 1198 1
1543 2851 1
1543 1544 1
1024 1827 1
1024 641 1
1827 2546 1
1827 2836 1
1559 2925 1
1559 2533 1
1559 2029 1
1559 1195 1
1559 2130 1
2925 153 1
2925 381 1
2925 638 1
1791 538 1
1791 1835 1
1791 1591 1
1519 1540 1
1519 1511 1
1519 2622 1
1540 1301 1
1540 20 1
1540 162 1
180 270 1
180 1240 1
180 1363 1
2708 387 1
2708 1833 1
1023 2541 1
1023 2012 1
2541 2075 1
1574 2951 1
1574 2031 1
1574 129 1
556 2223 1
556 1237 1
556 1501 1
1989 2105 1
1989 275 1
1989 946 1
2105 1843 1
1951 2427 1
1345 1545 1
1345 19 1
1345 479 1
1345 1371 1
1545 2829 1
2430 2750 1
2430 1735 1
2430 1433 1
2430 14 1
2750 957 1
1432 2187 1
1432 642 1
1432 1860 1
1432 237 1
2187 457 1
2187 2677 1
2023 2608 1
2023 2176 1
1339 1730 1
1339 1576 1
19 1514 1
19 205 1
1844 2360 1
1844 903 1
1844 1115 1
1844 1214 1
2360 2152 1
2360 2558 1
2360 1785 1
2858 592 1
2858 1220 1
2858 403 1
2858 1139 1
1210 2259 1
1210 97 1
1210 1460 1
1210 2628 1
1210 2449 1
2259 2997 1
2259 1776 1
2080 2115 1
2080 276 1
2080 2171 1
2115 1233 1
2115 2469 1
2115 2517 1
2115 1637 1
987 1958 1
987 2920 1
987 2519 1
987 97 1
1958 1579 1
1958 945 1
1958 106 1
1638 56 1
1638 1781 1
1638 547 1
575 1090 1
990 1145 1
990 468 1
990 2404 1
1145 1487 1
1145 1116 1
1145 1704 1
685 2495 1
685 2250 1
685 1620 1
685 21 1
2495 717 1
2495 1678 1
1722 548 1
1722 1662 1
1111 2603 1
1111 293 1
1111 82 1
1111 1703 1
2603 100 1
2603 2643 1
56 486 1
56 1765 1
486 1998 1
486 2539 1
486 1037 1
486 2380 1
790 2590 1
790 1278 1
790 2135 1
919 2881 1
1184 2323 1
1184 1177 1
1146 1806 1
1146 544 1
1146 142 1
1806 1940 1
1806 867 1
480 1982 1
480 565 1
480 777 1
480 2124 1
1982 413 1
1498 1965 1
1498 2593 1
1498 1158 1
1498 123 1
1965 2344 1
1965 1136 1
1728 2198 1
1728 2800 1
1728 2289 1
1728 1439 1
2198 2883 1
2198 2048 1
2198 974 1
988 2388 1
988 2691 1
988 1208 1
988 1745 1
2388 130 1
2352 329 1
1246 2131 1
1246 2077 1
1246 2613 1
2131 1655 1
2131 546 1
2131 675 1
121 1938 1
121 415 1
2428 2774 1
2428 274 1
2428 1695 1
2774 6 1
1168 2211 1
1168 1643 1
1168 1825 1
1168 2687 1
1168 586 1
2211 2962 1
1135 1660 1
1135 1895 1
1135 2063 1
1135 746 1
2533 597 1
2786 1618 1
2786 2872 1
2786 2372 1
668 972 1
668 2613 1
2488 377 1
2488 296 1
2488 1105 1
1784 2830 1
1784 1038 1
1784 2813 1
1784 1515 1
1784 1196 1
2830 2938 1
2830 2136 1
2830 651 1
2830 2397 1
1913 554 1
1913 505 1
512 2701 1
512 2439 1
512 2374 1
512 253 1
512 2449 1
2701 693 1
2062 1591 1
2062 2631 1
527 186 1
527 837 1
527 1964 1
1081 1811 1
1081 2079 1
1081 471 1
1811 1924 1
1811 2172 1
719 2627 1
719 2310 1
719 2227 1
719 723 1
2627 1475 1
2627 1256 1
2627 2549 1
2627 928 1
2889 318 1
2889 161 1
478 1733 1
444 2102 1
444 1976 1
444 1660 1
1084 1141 1
1084 625 1
1084 2229 1
2170 2646 1
2170 826 1
62 492 1
62 1232 1
62 2562 1
62 2742 1
492 2937 1
492 955 1
172 2121 1
172 2208 1
172 1706 1
172 1440 1
2121 1956 1
2121 3 1
2121 1324 1
724 1321 1
724 1994 1
724 1181 1
1829 2091 1
1829 693 1
1829 1983 1
1829 1365 1
2091 2926 1
471 2417 1
471 683 1
2417 2936 1
2417 1166 1
2417 1509 1
2417 1096 1
1032 1885 1
1032 273 1
1032 2494 1
338 1070 1
338 1055 1
338 129 1
1070 3 1
1070 1451 1
1070 1994 1
1070 1476 1
654 1926 1
654 2776 1
654 1410 1
654 559 1
2503 2944 1
2503 888 1
2944 178 1
2944 871 1
2944 50 1
1118 1565 1
1118 2032 1
1118 833 1
1 2338 1
1 2221 1
1 1348 1
2464 2057 1
2464 1487 1
2464 1935 1
2464 2680 1
583 1776 1
583 1011 1
583 116 1
1776 1862 1
1776 2779 1
576 716 1
576 2636 1
588 1891 1
588 1871 1
588 633 1
588 504 1
588 1174 1
1891 124 1
1891 1789 1
1891 1411 1
622 1636 1
622 2066 1
622 867 1
102 2997 1
681 1301 1
681 2945 1
681 2086 1
1301 2402 1
1301 2862 1
1556 2467 1
1556 61 1
1556 1364 1
2467 554 1
2467 1029 1
1198 2730 1
1198 2709 1
757 1296 1
757 1869 1
757 2372 1
1296 1298 1
1296 2437 1
1823 882 1
1823 2459 1
1823 2155 1
702 1360 1
702 219 1
1360 2606 1
1360 1311 1
1360 2914 1
1412 1959 1
1412 2924 1
552 2584 1
552 495 1
552 1602 1
2584 2445 1
2584 932 1
2461 1642 1
2756 2902 1
2756 989 1
769 697 1
769 2405 1
769 1137 1
769 878 1
1515 2816 1
1515 1639 1
1515 286 1
2816 525 1
2816 2068 1
331 1901 1
331 849 1
331 1838 1
331 1961 1
1772 1306 1
1772 1901 1
676 833 1
676 2478 1
676 2636 1
1930 167 1
1930 1993 1
1930 809 1
113 2872 1
113 2002 1
113 1098 1
725 890 1
725 2181 1
725 2038 1
725 1843 1
737 1862 1
737 1792 1
2560 1777 1
2560 260 1
2560 1583 1
283 860 1
670 2602 1
670 2452 1
670 726 1
2878 2744 1
2878 1603 1
2384 2568 1
2384 2351 1
2384 1444 1
2384 295 1
2568 2425 1
2568 2821 1
2568 31 1
2829 2834 1
955 1436 1
337 205 1
523 1492 1
523 2906 1
523 434 1
523 901 1
1492 2528 1
1492 2826 1
1492 470 1
2008 2173 1
2008 2097 1
2008 1501 1
2008 2393 1
2173 2197 1
2173 2243 1
488 2962 1
488 2803 1
2962 2953 1
2962 352 1
2962 374 1
1759 301 1
1759 994 1
1759 319 1
740 2300 1
740 155 1
667 1599 1
925 2887 1
925 2581 1
438 1798 1
438 370 1
438 2521 1
1798 496 1
1798 1692 1
2256 1068 1
2256 1249 1
2256 1358 1
742 2525 1
742 465 1
742 882 1
941 499 1
941 529 1
941 1553 1
144 304 1
144 2865 1
144 2014 1
304 2066 1
304 2354 1
897 1036 1
897 554 1
897 2473 1
1036 288 1
181 1620 1
181 212 1
181 473 1
181 2866 1
181 2921 1
1620 2227 1
1620 717 1
1620 43 1
2995 52 1
2995 2015 1
2481 1134 1
2481 504 1
1780 1648 1
1780 1393 1
1569 2368 1
2368 1993 1
2368 37 1
2368 1770 1
887 2038 1
887 1777 1
887 2263 1
950 1801 1
950 377 1
950 650 1
950 510 1
1801 2066 1
1801 1311 1
1801 330 1
1801 2142 1
496 1298 1
496 2520 1
496 2883 1
1565 313 1
1565 271 1
1565 2341 1
2032 276 1
2032 2812 1
2630 2843 1
2630 2936 1
284 609 1
284 2865 1
284 399 1
430 1185 1
430 2169 1
1414 2322 1
1414 269 1
1414 2598 1
1414 387 1
2322 280 1
1634 1628 1
1251 2035 1
1251 944 1
1251 2705 1
1251 789 1
1251 1715 1
2035 2281 1
2035 965 1
898 2000 1
898 2090 1
898 1152 1
182 249 1
182 1206 1
182 977 1
249 2052 1
249 562 1
249 2077 1
2798 2813 1
2798 1750 1
2798 1942 1
2798 1382 1
2813 1087 1
2813 1166 1
2813 251 1
1406 2094 1
1406 2557 1
1406 2113 1
1406 356 1
2094 2911 1
2094 524 1
2094 1357 1
475 2424 1
475 1416 1
475 2323 1
1520 2610 1
1520 1551 1
1520 1126 1
2610 179 1
2610 534 1
2610 2773 1
2610 77 1
205 2340 1
205 738 1
2340 38 1
2340 2924 1
270 396 1
270 708 1
1763 2667 1
1763 1712 1
1763 703 1
1532 641 1
1532 2237 1
1532 2969 1
1547 2680 1
1547 2081 1
41 138 1
41 1855 1
41 291 1
138 2381 1
138 1758 1
138 873 1
2613 2888 1
2888 1029 1
2888 2923 1
2888 2014 1
1116 2160 1
2525 2775 1
2525 188 1
2525 983 1
2525 1746 1
2775 1691 1
2775 27 1
2775 1534 1
2024 2493 1
2024 296 1
2024 288 1
2493 692 1
2493 752 1
2493 1045 1
671 1702 1
671 359 1
671 119 1
1702 1298 1
2100 2714 1
2100 1436 1
2100 393 1
2872 597 1
2872 823 1
2872 1059 1
457 1356 1
457 1952 1
525 1474 1
525 945 1
1373 2159 1
1373 234 1
1373 1382 1
1373 662 1
2159 616 1
2159 210 1
1715 1859 1
1715 888 1
1715 1238 1
1859 2725 1
1859 2511 1
1859 2379 1
1992 2433 1
1992 2826 1
1992 736 1
2433 1802 1
2433 594 1
2433 1324 1
360 2227 1
360 2700 1
360 319 1
2227 1038 1
291 1602 1
291 2950 1
291 1427 1
1602 1411 1
2221 601 1
48 383 1
48 1906 1
48 1996 1
48 2440 1
383 821 1
383 1828 1
1297 1655 1
1297 2812 1
2066 822 1
2066 2122 1
609 388 1
609 697 1
609 45 1
2052 2834 1
2052 592 1
2052 2427 1
2834 519 1
2834 1482 1
352 2026 1
1551 2951 1
1551 2439 1
2234 1876 1
2234 2895 1
1674 2622 1
1674 2208 1
1674 1282 1
2622 2529 1
2622 1794 1
2865 2233 1
2060 2729 1
2060 2514 1
2060 2439 1
2166 2459 1
2166 526 1
2166 589 1
1204 2215 1
1204 1952 1
1204 666 1
2215 1445 1
2215 945 1
2215 1877 1
2215 2911 1
2295 2895 1
2295 1423 1
2295 2006 1
1479 871 1
230 1052 1
230 2903 1
230 1393 1
388 2513 1
388 1554 1
16 966 1
16 2112 1
966 777 1
966 1187 1
966 219 1
1928 2776 1
1928 2338 1
1928 1480 1
192 2885 1
192 2139 1
192 852 1
192 1188 1
2885 2776 1
2885 2913 1
2185 2676 1
828 1820 1
828 1250 1
828 2097 1
828 1590 1
1820 505 1
1820 2136 1
1820 2664 1
2354 2502 1
2354 1392 1
2354 1944 1
2502 1351 1
260 1771 1
260 504 1
260 2413 1
401 2241 1
401 2342 1
683 907 1
683 1873 1
683 1807 1
907 2764 1
1205 2938 1
1205 789 1
1205 2570 1
1205 843 1
2938 1058 1
2938 2150 1
2347 395 1
2347 470 1
2000 2127 1
2000 1203 1
2462 743 1
837 1495 1
837 744 1
837 949 1
1495 1584 1
1495 592 1
1495 2075 1
1002 1828 1
1002 2558 1
1002 427 1
1828 1306 1
1828 2800 1
726 1664 1
726 2308 1
726 1131 1
1664 550 1
1664 1212 1
1664 2531 1
743 1618 1
743 949 1
743 1232 1
1768 736 1
1768 2675 1
1768 501 1
1768 2093 1
465 2729 1
1117 1670 1
1117 1754 1
1117 1133 1
1670 437 1
1670 501 1
38 825 1
2535 2093 1
2535 203 1
2535 2026 1
1029 2725 1
1029 971 1
1029 498 1
2725 1503 1
2725 744 1
1660 2139 1
2255 634 1
2255 755 1
2255 1755 1
2050 2225 1
2050 1513 1
2050 2728 1
2050 1701 1
2225 2993 1
2225 1329 1
2225 473 1
97 1056 1
97 541 1
1332 1716 1
1332 1925 1
1332 752 1
1332 642 1
1716 2675 1
1716 297 1
70 2649 1
2953 756 1
2953 2587 1
2953 644 1
2257 461 1
2257 1321 1
843 419 1
843 498 1
2171 2636 1
2171 335 1
2636 2 1
2636 2685 1
2217 2219 1
2217 2169 1
2217 2799 1
756 1580 1
756 834 1
756 1969 1
993 2371 1
993 1119 1
993 2968 1
993 1227 1
2371 1439 1
2371 1382 1
927 1214 1
927 1220 1
927 1626 1
891 1542 1
891 1964 1
1542 2181 1
1542 1430 1
1542 662 1
1542 2086 1
313 1564 1
313 2672 1
127 2341 1
127 1769 1
127 52 1
2341 758 1
2341 362 1
2341 2530 1
2993 1231 1
1889 2815 1
1889 2496 1
1889 1362 1
1889 2142 1
2815 2147 1
2815 1739 1
2815 2776 1
1321 2839 1
1336 2602 1
1336 226 1
1336 1109 1
1336 2667 1
2602 692 1
2602 1503 1
880 1548 1
269 2782 1
274 833 1
659 1047 1
659 2135 1
659 91 1
1047 1562 1
1047 1678 1
1047 2102 1
1047 2232 1
2827 2303 1
2827 2376 1
1059 1114 1
1059 1750 1
479 1449 1
479 2313 1
479 739 1
479 1843 1
965 1733 1
965 610 1
965 1352 1
1733 2223 1
1733 2739 1
2110 1675 1
2110 2803 1
293 2631 1
293 25 1
293 1348 1
293 1632 1
2728 2809 1
2728 2161 1
2728 595 1
2728 2482 1
2809 106 1
2809 641 1
2809 1666 1
2002 2846 1
2002 1501 1
652 1394 1
652 1754 1
652 1767 1
652 2237 1
652 2232 1
1394 1562 1
1394 2543 1
2765 2812 1
2765 1098 1
2765 1596 1
2812 1487 1
2921 938 1
2921 1911 1
1636 110 1
1636 1318 1
1636 171 1
2172 2070 1
2172 673 1
2172 2743 1
2496 603 1
2496 2894 1
2496 2646 1
1474 2514 1
1474 566 1
1474 2751 1
1474 2742 1
301 534 1
534 219 1
2061 2549 1
2061 666 1
204 2677 1
204 1611 1
204 1421 1
30 2929 1
30 2513 1
30 161 1
30 2501 1
2929 625 1
1453 311 1
1453 2342 1
1453 1576 1
1978 924 1
1978 1682 1
1978 953 1
2084 2491 1
2084 1220 1
2084 1821 1
2084 200 1
2491 1089 1
2491 1362 1
845 1476 1
845 311 1
2465 1367 1
2465 590 1
189 2814 1
189 1388 1
189 2308 1
189 2344 1
2814 448 1
2412 2626 1
2412 687 1
2508 2903 1
2508 544 1
2508 1434 1
2508 2218 1
2903 2832 1
2903 957 1
1662 2143 1
1662 2883 1
1662 2800 1
2882 421 1
2882 1727 1
2882 1493 1
2265 1055 1
2265 276 1
2269 303 1
245 755 1
245 2657 1
2004 2705 1
2004 2949 1
114 132 1
114 380 1
114 509 1
114 256 1
114 974 1
132 542 1
132 2743 1
132 2054 1
953 1587 1
54 266 1
54 1482 1
54 1096 1
54 591 1
266 2218 1
266 2101 1
266 1790 1
399 1203 1
399 2101 1
399 1402 1
1203 2581 1
1981 2302 1
447 1136 1
447 2480 1
447 1456 1
447 2184 1
1136 1012 1
1136 1303 1
2964 519 1
2964 687 1
760 2764 1
760 2672 1
760 254 1
2764 25 1
2764 730 1
2764 895 1
559 1313 1
559 209 1
559 2704 1
559 1703 1
1313 1052 1
1544 2518 1
1544 14 1
2071 20 1
2344 195 1
695 2534 1
390 2709 1
390 2311 1
390 2007 1
390 508 1
2709 519 1
2709 2323 1
15 1563 1
15 1931 1
1563 1599 1
1563 1895 1
369 1832 1
369 268 1
369 2598 1
1832 763 1
1832 234 1
935 2243 1
935 325 1
935 1976 1
935 2178 1
2243 1105 1
2223 2423 1
642 2971 1
642 2001 1
642 2498 1
240 1599 1
240 2754 1
240 1579 1
179 1743 1
1388 2161 1
1388 2279 1
2161 1217 1
2161 1335 1
84 1326 1
84 2025 1
1326 1729 1
1326 2576 1
1326 340 1
1326 477 1
109 1090 1
109 1758 1
1090 2583 1
1090 1945 1
2818 541 1
2818 871 1
2818 509 1
2818 2472 1
311 751 1
311 852 1
1675 373 1
1675 627 1
1675 2397 1
2361 1633 1
2361 994 1
2361 2803 1
391 924 1
391 1350 1
391 2201 1
391 542 1
391 2346 1
924 995 1
924 1278 1
1838 2518 1
1838 1659 1
1838 2328 1
1017 2783 1
1017 875 1
1017 326 1
2783 1096 1
530 2436 1
530 1803 1
530 2147 1
530 2380 1
2436 2531 1
79 2986 1
79 2237 1
79 1306 1
1677 2432 1
87 2095 1
87 2838 1
87 2672 1
2095 1141 1
2095 1525 1
2095 1149 1
169 2393 1
169 2531 1
169 188 1
169 2143 1
169 1272 1
2393 2588 1
2393 1471 1
2124 2532 1
1991 2881 1
1991 1459 1
1991 1906 1
1991 1217 1
2881 157 1
2881 2614 1
234 1549 1
2328 305 1
1990 1976 1
554 820 1
554 1092 1
820 1956 1
2178 1112 1
2178 1189 1
2178 1747 1
1089 2147 1
1089 374 1
1089 1986 1
2147 434 1
2147 581 1
2773 1877 1
1037 1957 1
1037 2511 1
1037 226 1
1037 2423 1
1957 1467 1
1876 1101 1
1876 1442 1
1876 1272 1
520 943 1
520 371 1
943 2643 1
943 2887 1
1926 2498 1
1926 2135 1
2202 2404 1
2202 2777 1
2202 550 1
2202 2197 1
2202 1622 1
2404 251 1
2404 1769 1
2513 2539 1
1802 2242 1
1802 1787 1
2727 100 1
2727 2165 1
2727 290 1
2727 1189 1
2208 2599 1
2599 1639 1
603 1787 1
603 1230 1
379 2700 1
379 1012 1
379 886 1
155 1305 1
1590 280 1
1590 348 1
1590 461 1
125 273 1
125 2971 1
125 2894 1
1870 585 1
1870 2311 1
1249 585 1
1056 1402 1
1056 783 1
1056 716 1
2402 315 1
2402 1911 1
2402 2335 1
1356 2854 1
1356 1235 1
1356 2629 1
2854 853 1
2854 1815 1
2075 59 1
2143 651 1
2143 2144 1
2867 2063 1
2867 2736 1
1937 704 1
1937 1137 1
1937 265 1
418 547 1
418 1956 1
418 2429 1
280 2472 1
280 1842 1
2554 1494 1
2554 1754 1
1539 42 1
206 823 1
206 380 1
206 425 1
206 723 1
823 2539 1
823 1785 1
823 1222 1
80 1421 1
80 1720 1
80 2996 1
1421 2318 1
421 822 1
421 1115 1
2880 1770 1
658 2300 1
658 751 1
658 2782 1
658 2098 1
2300 2594 1
2077 712 1
2077 178 1
995 2520 1
995 1277 1
995 2313 1
495 509 1
630 2174 1
630 2127 1
630 822 1
2174 1867 1
2174 2601 1
2174 1927 1
2700 1245 1
2700 2524 1
771 2742 1
771 1695 1
771 809 1
888 2068 1
888 1679 1
2309 2906 1
2309 2575 1
2906 1189 1
1357 2459 1
1357 2575 1
1357 1151 1
1357 2293 1
2459 873 1
1994 1234 1
1994 2754 1
1231 2423 1
1231 2667 1
1231 2649 1
2302 1959 1
2302 231 1
2302 1151 1
468 2418 1
468 303 1
468 1821 1
2418 2182 1
170 2724 1
170 1478 1
2724 2978 1
2724 1433 1
2652 1779 1
2652 1028 1
2480 1952 1
2480 1787 1
808 186 1
808 2299 1
808 560 1
2590 1105 1
1195 2753 1
1195 747 1
1195 565 1
789 2114 1
1513 1320 1
1513 607 1
2413 2771 1
2413 1350 1
2219 130 1
2219 2530 1
2219 1445 1
1092 296 1
1092 2400 1
1836 2114 1
1836 2799 1
1836 1155 1
762 2299 1
762 1765 1
762 2389 1
2337 2520 1
580 544 1
580 674 1
296 2203 1
296 818 1
2831 589 1
2831 2152 1
2831 1288 1
1452 1622 1
1452 2442 1
1382 2001 1
1028 2655 1
1028 1531 1
1028 2447 1
1369 1721 1
1369 2935 1
1369 2065 1
1369 473 1
1721 697 1
1721 884 1
130 692 1
130 2382 1
692 1298 1
1567 835 1
1567 435 1
1567 1867 1
1567 682 1
1562 115 1
546 1280 1
1280 2587 1
1280 380 1
1280 758 1
466 682 1
2432 2249 1
2432 212 1
2936 91 1
505 690 1
505 2484 1
505 2578 1
690 1232 1
690 1257 1
690 709 1
1491 1749 1
1491 738 1
154 1924 1
154 2304 1
154 1608 1
154 354 1
1924 1691 1
1924 627 1
1924 2108 1
1694 920 1
1694 763 1
1694 275 1
1790 1101 1
1794 1679 1
1794 2424 1
589 2037 1
2037 2304 1
482 1874 1
482 2377 1
1874 9 1
1874 2519 1
1514 1792 1
1514 344 1
1514 157 1
1579 2780 1
1371 2423 1
1371 836 1
1371 236 1
2423 1167 1
2608 962 1
1062 2836 1
1062 1580 1
2836 625 1
14 1927 1
1927 381 1
1927 1785 1
1053 1680 1
1053 1882 1
414 585 1
414 1250 1
414 2664 1
414 1909 1
585 1013 1
585 2522 1
2377 2832 1
2526 1586 1
2526 1288 1
2526 2647 1
2129 2747 1
2129 712 1
938 199 1
2631 275 1
2631 1232 1
1825 2606 1
1825 2282 1
1825 2025 1
2667 983 1
2667 855 1
1141 2201 1
1141 403 1
1137 1158 1
1137 994 1
1137 427 1
1158 2655 1
1158 1260 1
244 2439 1
244 1758 1
244 750 1
111 2540 1
111 648 1
111 2913 1
1179 736 1
1179 252 1
1179 1800 1
1735 104 1
1735 2282 1
1871 1410 1
717 1659 1
717 452 1
1659 1363 1
1659 921 1
1639 2547 1
1639 437 1
1639 593 1
977 2229 1
977 2044 1
977 540 1
2229 32 1
2229 1188 1
2229 2123 1
356 835 1
356 2988 1
835 839 1
920 2863 1
920 297 1
920 540 1
2863 481 1
2863 852 1
2863 2160 1
2863 142 1
2435 2852 1
2435 1959 1
617 2825 1
617 698 1
2825 1221 1
2825 1383 1
2825 975 1
923 1885 1
923 1592 1
1885 428 1
1885 467 1
651 1426 1
651 417 1
1426 2645 1
1426 985 1
1426 1949 1
1475 586 1
1475 822 1
723 1531 1
1531 1749 1
2529 50 1
2574 1423 1
2574 1439 1
2574 688 1
1654 2919 1
1654 809 1
1855 2753 1
348 962 1
348 1132 1
26 2370 1
26 2118 1
2370 1754 1
1230 2826 1
1230 1952 1
1038 712 1
1038 1988 1
1038 2372 1
1091 2163 1
1091 1600 1
1833 2698 1
1833 2176 1
1833 265 1
2698 9 1
2010 2102 1
2010 1678 1
2010 203 1
2102 2914 1
1298 2153 1
1359 2549 1
1359 1712 1
1359 2400 1
1359 2998 1
2549 219 1
2063 2153 1
746 794 1
2821 1821 1
1867 1517 1
1867 2140 1
1867 1931 1
2310 2076 1
2310 2839 1
2310 2530 1
2310 1548 1
926 1603 1
926 1279 1
926 1217 1
4 1052 1
4 2268 1
4 1697 1
1826 1938 1
1826 2519 1
1826 300 1
25 1278 1
2994 2984 1
2994 1367 1
481 783 1
481 655 1
481 1666 1
2498 2986 1
325 1106 1
325 2447 1
591 2769 1
1695 616 1
1956 2101 1
2776 944 1
395 167 1
395 2031 1
2140 2245 1
2140 2534 1
2140 2118 1
52 1177 1
982 2440 1
982 12 1
982 610 1
2986 2251 1
2986 989 1
2986 2675 1
368 2169 1
2846 1895 1
2846 969 1
2846 752 1
1771 1822 1
1771 852 1
2753 1581 1
2753 1194 1
674 836 1
674 1750 1
674 526 1
836 928 1
836 875 1
1392 1494 1
1392 2628 1
1133 1256 1
1133 178 1
679 1496 1
679 295 1
679 1729 1
1496 1085 1
1496 1132 1
2581 751 1
2866 763 1
638 1300 1
638 1781 1
638 104 1
638 317 1
1300 2532 1
1300 1845 1
162 2625 1
162 1489 1
1164 340 1
370 2895 1
370 362 1
370 825 1
370 1869 1
949 371 1
1468 1139 1
1468 2251 1
1468 2796 1
2068 2782 1
2068 2452 1
2782 417 1
2820 1181 1
2820 2908 1
2820 1459 1
1523 2484 1
2364 2780 1
2364 738 1
2364 59 1
2780 1087 1
2780 2055 1
2397 2978 1
1105 1754 1
2895 2047 1
341 2924 1
341 1743 1
341 2268 1
1697 384 1
268 1019 1
268 2452 1
268 2014 1
268 1800 1
1019 428 1
1019 2443 1
1019 2857 1
1586 818 1
1586 1748 1
1586 419 1
1233 2955 1
1233 565 1
1233 856 1
1233 1263 1
453 691 1
453 1727 1
453 529 1
691 1278 1
691 171 1
565 619 1
413 1558 1
413 1789 1
1558 1337 1
1558 1630 1
1558 2848 1
1558 2530 1
24 2342 1
606 2919 1
606 1367 1
606 2405 1
2914 1745 1
340 1208 1
2439 2226 1
371 1682 1
1682 1857 1
1324 704 1
763 2142 1
2142 1604 1
2142 1591 1
2350 2279 1
2350 1427 1
1749 2047 1
2311 2996 1
2311 2848 1
929 2848 1
929 2582 1
929 967 1
929 2992 1
2848 1538 1
2848 747 1
2532 1282 1
2047 582 1
2047 2089 1
984 1235 1
2902 2386 1
2065 1049 1
2065 2624 1
499 610 1
499 660 1
449 2576 1
1988 2410 1
32 1465 1
32 2441 1
1055 1583 1
1055 2808 1
2705 895 1
2705 1554 1
772 1450 1
772 1442 1
772 1943 1
1450 2935 1
1450 595 1
1450 1901 1
909 1455 1
909 1712 1
909 1945 1
1455 1460 1
1455 467 1
1455 2781 1
1822 1126 1
1822 1071 1
529 972 1
1131 12 1
1043 1241 1
1043 2598 1
46 1467 1
46 2089 1
46 1306 1
1467 115 1
1467 134 1
2558 2839 1
2558 2216 1
1907 2664 1
1907 1185 1
1907 223 1
2664 1156 1
825 1746 1
825 1152 1
825 952 1
1959 1625 1
1959 1993 1
2744 2427 1
2744 1755 1
641 484 1
2279 2483 1
2972 972 1
2972 2598 1
1220 568 1
1220 2912 1
354 2687 1
252 21 1
252 794 1
252 807 1
2469 365 1
2469 1155 1
2249 218 1
2249 1045 1
2249 2156 1
2810 335 1
2810 2543 1
2810 975 1
2810 1102 1
2996 736 1
1525 1643 1
687 1476 1
687 2012 1
1476 2588 1
2308 1449 1
2939 1109 1
2939 2557 1
428 12 1
470 1303 1
251 1538 1
856 881 1
856 1049 1
856 1438 1
856 435 1
881 1430 1
881 2184 1
881 452 1
1969 2714 1
107 1188 1
107 1915 1
107 2400 1
597 2771 1
597 1459 1
2233 2968 1
2233 344 1
2233 1241 1
2968 2376 1
2968 2967 1
1445 1311 1
1445 1096 1
566 864 1
566 2141 1
1745 2332 1
1745 2800 1
1745 1363 1
2332 1967 1
2332 45 1
2332 2042 1
2332 137 1
2950 434 1
2950 2730 1
2950 1271 1
1538 648 1
547 2090 1
547 1688 1
2511 2887 1
693 1060 1
1303 6 1
1303 2426 1
1720 2382 1
1720 51 1
1323 1821 1
1323 1396 1
1323 703 1
1323 1651 1
1821 407 1
231 2176 1
231 1477 1
273 303 1
273 2015 1
319 1949 1
1983 1227 1
1319 2237 1
1319 627 1
1319 1915 1
1319 20 1
2237 2998 1
2351 1253 1
2522 1746 1
1348 1477 1
1348 930 1
1477 1587 1
1316 2150 1
1316 1591 1
396 2108 1
396 2890 1
2517 1666 1
461 2593 1
461 2016 1
461 1442 1
2593 2220 1
2333 1600 1
2333 1362 1
2333 708 1
1478 1485 1
634 2647 1
119 1144 1
119 1449 1
119 2113 1
1072 2683 1
1596 2114 1
135 2260 1
2534 1277 1
639 365 1
639 1250 1
639 826 1
639 110 1
1058 2704 1
1058 1703 1
1058 131 1
2704 2420 1
2704 2527 1
989 1835 1
2081 834 1
1689 2012 1
2012 2988 1
2012 254 1
305 1383 1
305 1651 1
305 2913 1
2278 2447 1
2278 2548 1
2935 2089 1
593 1470 1
593 2984 1
1257 2769 1
1257 387 1
2769 2997 1
2769 1637 1
1430 886 1
1430 290 1
195 1632 1
195 2197 1
1632 1625 1
1632 2179 1
2528 2054 1
1329 1996 1
373 2539 1
1365 2913 1
1365 1527 1
986 2594 1
986 1222 1
986 398 1
209 2894 1
821 1456 1
1060 375 1
704 1630 1
1630 1399 1
1630 2755 1
1812 2970 1
1812 2152 1
2446 2647 1
2446 141 1
2446 2967 1
2647 2643 1
2303 2334 1
2303 1194 1
2303 548 1
400 1633 1
400 2101 1
2389 2543 1
362 2051 1
2051 1177 1
2051 2445 1
542 2540 1
542 271 1
542 484 1
1472 1485 1
1472 650 1
1227 105 1
1227 2335 1
203 2242 1
40 326 1
40 76 1
1235 2235 1
1655 1875 1
1655 2966 1
2739 1627 1
1011 1800 1
1011 2587 1
1237 1584 1
2483 1101 1
1511 1857 1
1511 1216 1
1857 335 1
1938 2042 1
2919 2386 1
2082 2319 1
2082 1312 1
2082 1115 1
2319 611 1
2319 2326 1
2691 2625 1
2691 2754 1
2691 1106 1
751 2226 1
2226 1119 1
2226 1841 1
1439 2862 1
6 1318 1
6 875 1
1604 420 1
1604 2624 1
1604 2626 1
1651 1587 1
2583 1610 1
2583 1274 1
1256 730 1
1510 2801 1
1510 171 1
1510 688 1
1993 600 1
1993 218 1
2349 2289 1
2349 2263 1
1399 2736 1
1399 1529 1
1980 2025 1
1980 1584 1
2025 1155 1
467 1770 1
1770 300 1
1770 607 1
1259 1789 1
1259 2386 1
69 237 1
69 1954 1
1925 2210 1
1925 2385 1
1925 1945 1
1925 1156 1
2210 1742 1
2210 1700 1
2210 962 1
2873 104 1
2873 1288 1
2873 2966 1
2873 2014 1
2415 807 1
2415 2424 1
2415 210 1
1727 82 1
537 2135 1
537 2007 1
537 2857 1
537 540 1
2135 194 1
2838 1658 1
2440 2777 1
188 2304 1
1931 2405 1
1931 2326 1
1931 2482 1
1234 1245 1
1245 655 1
1245 171 1
586 1460 1
1042 1489 1
1042 1739 1
1042 2282 1
1042 864 1
1042 2625 1
1489 1085 1
1489 1305 1
1167 200 1
1167 2703 1
1167 106 1
124 2527 1
124 1628 1
161 1427 1
1240 2313 1
794 2399 1
1548 1608 1
1548 137 1
2731 500 1
2731 1049 1
2731 1232 1
594 2130 1
594 254 1
594 2334 1
2130 2450 1
2130 2399 1
448 2645 1
448 2253 1
1292 2926 1
1292 1451 1
1292 2778 1
2926 1528 1
2926 2048 1
1789 2527 1
1250 871 1
712 2399 1
712 223 1
76 1277 1
76 564 1
76 1290 1
1743 1222 1
1743 1783 1
2562 2235 1
2562 736 1
226 1124 1
2575 2346 1
2575 1337 1
1144 28 1
1144 374 1
223 473 1
223 500 1
2245 1998 1
2245 2326 1
1862 1149 1
1944 853 1
1944 1967 1
2449 2547 1
1628 104 1
317 2629 1
317 106 1
2629 2778 1
2629 2851 1
731 1680 1
731 2988 1
1680 2251 1
1680 1151 1
2729 560 1
393 377 1
2771 509 1
1196 827 1
1534 974 1
2676 952 1
2676 2098 1
1692 1960 1
1960 1948 1
64 2076 1
64 1875 1
2326 2156 1
697 1308 1
697 315 1
1529 1967 1
1529 318 1
1866 582 1
1866 1274 1
1866 254 1
2015 375 1
517 2235 1
517 1843 1
517 1853 1
2235 1597 1
237 1134 1
1134 484 1
1553 962 1
1712 2318 1
2304 2524 1
1239 688 1
875 1185 1
2998 2163 1
419 1188 1
419 2687 1
419 1700 1
1188 456 1
2197 2779 1
2011 2150 1
2011 1608 1
600 1199 1
600 1119 1
600 2280 1
600 1221 1
1199 2425 1
2376 957 1
2376 300 1
2697 2242 1
2697 2892 1
2697 581 1
2961 1799 1
380 1627 1
380 860 1
1098 1102 1
1098 967 1
967 2016 1
834 2655 1
834 1935 1
2655 2029 1
2655 2231 1
2424 37 1
519 1368 1
1368 1725 1
434 2228 1
1312 28 1
501 45 1
3 2473 1
1701 818 1
1701 315 1
219 2501 1
1860 1152 1
1860 256 1
1860 2160 1
1815 587 1
1501 2182 1
2122 2281 1
1509 890 1
2892 1337 1
2163 1438 1
508 818 1
508 983 1
508 1533 1
2182 1012 1
2182 110 1
2736 1905 1
2736 77 1
2420 504 1
2420 2450 1
2857 2250 1
2681 2118 1
2681 51 1
2687 1943 1
885 2323 1
885 456 1
885 2683 1
885 2289 1
2323 2007 1
1494 2920 1
1494 1962 1
1494 131 1
1337 2594 1
437 2086 1
2472 2618 1
2472 2374 1
1527 77 1
2570 1976 1
2400 477 1
2937 1189 1
300 2585 1
2585 2057 1
384 1761 1
1761 1151 1
1761 2799 1
2883 2098 1
1482 276 1
1482 1762 1
2148 2429 1
2148 7 1
2148 263 1
2148 1564 1
2429 2176 1
2429 1263 1
2520 2755 1
2779 2097 1
2988 2268 1
1691 1877 1
194 1906 1
194 2220 1
194 2169 1
1308 1835 1
1308 153 1
1308 1435 1
1290 1762 1
218 1114 1
218 2778 1
890 1254 1
890 1212 1
2250 1901 1
1787 422 1
1766 2144 1
1766 1869 1
2808 1576 1
2808 1272 1
1576 129 1
2680 2601 1
303 2672 1
2677 2253 1
744 2133 1
744 2291 1
2133 1954 1
2133 415 1
2133 47 1
2133 2318 1
616 2385 1
616 590 1
2924 1884 1
1279 2426 1
1279 31 1
2426 2477 1
2730 1600 1
1102 493 1
798 2796 1
798 2545 1
798 2152 1
798 750 1
2796 335 1
2093 1762 1
1608 2832 1
167 210 1
2007 1119 1
2007 1678 1
1742 2843 1
1742 1082 1
1742 2970 1
2843 2134 1
1580 2649 1
1580 560 1
833 63 1
2966 540 1
326 884 1
1911 417 1
2387 1350 1
2387 1807 1
2387 886 1
655 564 1
682 1703 1
1998 2951 1
1998 2474 1
2645 1423 1
839 497 1
839 2263 1
1785 2758 1
2758 59 1
2758 2 1
265 807 1
265 131 1
807 365 1
105 562 1
105 2626 1
562 1700 1
1755 2290 1
2089 1281 1
2291 1845 1
258 2911 1
258 2156 1
258 648 1
186 2984 1
186 2153 1
1194 359 1
2441 1493 1
2441 1358 1
1282 747 1
1282 698 1
1793 1263 1
1793 952 1
752 1961 1
752 330 1
2594 387 1
2984 1362 1
2984 1592 1
2971 2588 1
2971 698 1
2951 2628 1
141 1132 1
1781 415 1
1781 1610 1
2379 12 1
417 2165 1
1396 2113 1
1396 2605 1
783 2442 1
456 1115 1
335 1434 1
985 587 1
2169 595 1
1839 1456 1
1839 1124 1
1114 1166 1
1350 2 1
539 2042 1
539 423 1
359 1948 1
1517 1155 1
1517 1961 1
1967 2374 1
1549 2548 1
1181 524 1
1181 1506 1
2048 2176 1
1783 2228 1
1783 420 1
1783 2162 1
2268 510 1
1444 1071 1
983 2703 1
1166 590 1
730 1263 1
1187 1658 1
1187 1767 1
1658 1704 1
1658 1082 1
315 2577 1
315 1071 1
115 2381 1
1156 2123 1
867 2097 1
1212 1961 1
2649 423 1
962 2601 1
2242 2425 1
2955 1610 1
1767 1648 1
873 2801 1
544 2342 1
2342 2478 1
1139 2445 1
2514 2216 1
1945 1410 1
2076 832 1
1704 199 1
497 1948 1
497 1484 1
497 2399 1
494 1155 1
494 2477 1
232 1352 1
2425 1583 1
665 901 1
665 2134 1
665 1996 1
665 1679 1
901 1729 1
901 2945 1
901 2443 1
610 1253 1
398 2479 1
2479 1085 1
2479 1049 1
2479 2540 1
247 2605 1
1398 2014 1
500 1335 1
1335 2908 1
1335 1962 1
2090 2582 1
2090 2703 1
2547 178 1
1351 2494 1
2494 1648 1
1480 2150 1
1480 524 1
2969 2482 1
1611 253 1
604 200 1
604 2162 1
302 2452 1
302 63 1
302 1320 1
1124 278 1
2445 1416 1
1183 2263 1
1183 1191 1
1183 2992 1
2263 2751 1
425 2438 1
582 254 1
2913 165 1
968 1533 1
968 1581 1
968 2443 1
968 1884 1
1533 568 1
1533 2908 1
1597 256 1
1440 2524 1
1440 2442 1
1503 2754 1
1592 2201 1
2524 2038 1
2524 2643 1
1940 568 1
1564 2232 1
1564 541 1
377 1358 1
1935 2112 1
2112 1254 1
2410 524 1
153 1115 1
2385 1263 1
2548 899 1
2548 2006 1
2548 1410 1
10 1000 1
10 1962 1
1000 2098 1
2098 2967 1
2144 928 1
2778 564 1
1943 2181 1
711 1149 1
2165 2945 1
1238 2181 1
1238 1528 1
2743 607 1
1506 889 1
2540 187 1
51 330 1
51 241 1
330 2260 1
1327 2141 1
2220 1311 1
2220 2477 1
263 253 1
263 454 1
832 2542 1
832 1493 1
1845 2912 1
2038 1484 1
921 2477 1
882 971 1
882 1769 1
882 2890 1
971 946 1
971 2251 1
2832 2967 1
2070 2605 1
1068 2179 1
2042 1423 1
110 2474 1
43 535 1
1272 2992 1
2510 560 1
716 2216 1
2754 1807 1
947 187 1
947 1747 1
2781 137 1
2781 42 1
1909 548 1
2293 2442 1
2293 1881 1
2293 2026 1
946 1486 1
946 1600 1
1126 1841 1
1126 1261 1
403 1803 1
1591 509 1
462 750 1
462 2822 1
750 2675 1
619 889 1
2281 2437 1
2281 1274 1
1363 1936 1
1465 200 1
1465 2374 1
878 2260 1
878 1688 1
878 1367 1
2260 2382 1
899 256 1
899 611 1
2601 61 1
275 590 1
2894 137 1
2675 1438 1
1997 278 1
477 199 1
1816 27 1
1253 2624 1
1584 703 1
587 1581 1
2478 31 1
1669 2203 1
2703 2078 1
2803 287 1
458 1221 1
458 493 1
1221 1679 1
1261 504 1
212 2992 1
1277 889 1
2141 1748 1
2141 703 1
2793 1161 1
47 344 1
47 1071 1
1779 975 1
1779 1082 1
1779 1949 1
2443 849 1
1177 1189 1
21 253 1
1149 2967 1
1438 1688 1
1148 1589 1
1589 1486 1
1589 1851 1
1082 2992 1
2618 420 1
2184 1434 1
1648 666 1
2683 1706 1
2216 1470 1
1986 1528 1
1045 2617 1
2617 134 1
541 256 1
673 20 1
2232 2346 1
1915 2346 1
1954 498 1
561 61 1
236 42 1
236 2231 1
2179 1882 1
2437 2626 1
1364 1434 1
994 82 1
2055 2695 1
2055 165 1
2055 1842 1
2695 241 1
2156 288 1
288 1679 1
1174 2614 1
1807 407 1
420 2078 1
374 2079 1
374 1078 1
1851 2134 1
2473 1842 1
199 889 1
1260 2078 1
2078 860 1
2908 1799 1
2313 2482 1
2482 1869 1
956 2614 1
178 770 1
2577 633 1
2577 2614 1
709 2714 1
709 2438 1
739 849 1
860 1622 1
1853 1333 1
1435 2160 1
42 1305 1
2474 278 1
1842 1882 1
1725 1799 1
297 666 1
297 91 1
526 131 1
526 2203 1
1962 755 1
660 611 1
595 770 1
1433 1271 1
287 611 1
1271 2162 1
2203 1078 1
2280 770 1
2335 1486 1
82 2162 1
2851 2079 1
