3000 6000
1 2 1
1 3000 1
1 3 1
1 224 1
2 3000 1
2 1127 1
2 566 1
3 5 1
3 572 1
4 5 1
4 6 1
5 6 1
5 7 1
5 2343 1
6 7 1
6 2865 1
7 9 1
7 1729 1
7 1055 1
8 384 1
8 2083 1
9 2070 1
9 160 1
9 1387 1
9 2376 1
10 11 1
10 12 1
11 12 1
11 13 1
11 599 1
11 1866 1
11 1430 1
12 13 1
12 14 1
13 14 1
13 1436 1
13 1594 1
14 16 1
14 1840 1
15 16 1
15 1458 1
15 374 1
16 17 1
16 18 1
16 2534 1
17 654 1
17 2464 1
17 2459 1
17 1912 1
18 19 1
18 263 1
19 637 1
19 1519 1
19 1176 1
20 1379 1
20 155 1
21 23 1
21 1557 1
22 24 1
22 1409 1
23 24 1
23 2688 1
24 25 1
24 26 1
25 26 1
25 27 1
25 363 1
26 27 1
26 28 1
27 28 1
27 29 1
27 1567 1
28 30 1
28 2262 1
28 1675 1
28 2541 1
29 31 1
29 2575 1
30 31 1
30 2983 1
30 2985 1
30 827 1
30 1160 1
31 32 1
31 33 1
31 2704 1
32 33 1
32 34 1
33 34 1
33 35 1
34 934 1
34 678 1
34 1241 1
34 1905 1
34 2456 1
35 36 1
35 37 1
35 228 1
36 37 1
36 38 1
37 38 1
37 39 1
38 39 1
38 40 1
39 1858 1
39 1602 1
39 2683 1
40 41 1
40 225 1
40 645 1
40 140 1
40 2378 1
40 2660 1
41 1517 1
41 1131 1
41 2142 1
42 44 1
42 2746 1
42 450 1
43 2800 1
43 1619 1
44 45 1
44 821 1
44 1029 1
44 2744 1
45 46 1
45 47 1
46 48 1
46 2987 1
46 2690 1
47 1894 1
47 1985 1
47 2199 1
47 370 1
48 50 1
48 2622 1
48 917 1
49 50 1
49 51 1
49 2090 1
50 52 1
50 1329 1
50 1947 1
51 52 1
51 53 1
51 485 1
51 2007 1
51 1253 1
51 2496 1
52 53 1
52 1133 1
53 132 1
53 2684 1
53 797 1
53 1560 1
54 55 1
54 1655 1
55 57 1
55 272 1
56 2324 1
56 1668 1
57 58 1
57 59 1
57 582 1
58 60 1
58 2685 1
58 478 1
59 61 1
59 2634 1
60 1085 1
60 480 1
60 2777 1
61 63 1
61 2300 1
62 63 1
62 64 1
62 584 1
63 64 1
63 65 1
63 1524 1
63 800 1
64 66 1
64 2391 1
65 67 1
65 899 1
65 1470 1
65 918 1
66 67 1
66 68 1
66 2776 1
67 69 1
67 2022 1
67 1067 1
68 70 1
68 193 1
69 70 1
69 71 1
69 1273 1
70 72 1
70 656 1
70 2787 1
71 72 1
71 73 1
71 457 1
72 261 1
72 1888 1
73 75 1
73 2441 1
73 2818 1
74 75 1
74 76 1
74 2753 1
75 76 1
75 1057 1
76 77 1
76 2596 1
77 78 1
77 79 1
78 2953 1
78 1293 1
78 2873 1
78 2053 1
78 2294 1
79 2200 1
79 1294 1
79 1130 1
80 81 1
80 1447 1
81 82 1
81 83 1
82 1203 1
82 1079 1
82 156 1
82 1719 1
83 1859 1
83 381 1
84 2958 1
84 398 1
84 1401 1
85 86 1
85 732 1
86 2051 1
86 1449 1
87 88 1
87 2350 1
87 2825 1
88 89 1
88 2799 1
89 91 1
89 2562 1
90 2618 1
90 1435 1
90 2162 1
90 2482 1
90 818 1
91 92 1
91 992 1
92 94 1
92 1532 1
92 1649 1
93 94 1
93 831 1
94 95 1
94 96 1
95 96 1
95 97 1
95 187 1
95 1818 1
96 97 1
96 437 1
96 2302 1
97 1328 1
97 322 1
98 100 1
98 459 1
98 2844 1
99 100 1
99 101 1
99 715 1
100 101 1
100 102 1
101 102 1
101 103 1
101 1737 1
102 104 1
102 238 1
102 1380 1
103 2324 1
103 1976 1
103 627 1
103 769 1
103 1360 1
104 105 1
104 1292 1
105 1991 1
105 2354 1
106 107 1
106 108 1
106 410 1
106 776 1
107 108 1
107 2094 1
107 576 1
108 109 1
108 910 1
109 111 1
109 2703 1
110 2252 1
110 2154 1
110 1592 1
110 2022 1
110 2738 1
111 113 1
111 2162 1
112 113 1
112 2215 1
113 868 1
113 2356 1
113 1423 1
114 115 1
114 266 1
114 2812 1
115 116 1
115 117 1
115 2185 1
116 117 1
116 1029 1
116 494 1
116 1629 1
117 118 1
117 119 1
117 1198 1
118 2752 1
118 2824 1
119 120 1
119 372 1
119 578 1
119 2762 1
119 811 1
119 2325 1
120 2120 1
120 1759 1
120 2380 1
120 1199 1
121 1016 1
121 1994 1
121 2104 1
121 1482 1
121 563 1
122 124 1
122 1385 1
122 2548 1
123 2269 1
123 2247 1
124 903 1
124 1104 1
124 839 1
125 2900 1
125 2512 1
126 127 1
126 2348 1
126 754 1
127 1354 1
127 863 1
127 2386 1
128 975 1
128 790 1
128 1525 1
128 752 1
129 1989 1
129 1641 1
129 344 1
130 542 1
130 737 1
130 266 1
130 760 1
130 1606 1
131 132 1
131 133 1
131 346 1
132 133 1
132 134 1
132 2668 1
133 134 1
133 135 1
133 1825 1
133 670 1
134 136 1
134 1938 1
134 513 1
134 1810 1
134 1270 1
134 2240 1
135 136 1
135 137 1
136 138 1
136 398 1
137 138 1
137 139 1
137 2215 1
138 140 1
138 1684 1
138 1472 1
138 275 1
139 2987 1
139 613 1
139 1776 1
140 2677 1
141 142 1
141 2047 1
142 1650 1
142 2584 1
142 403 1
142 2913 1
143 144 1
143 145 1
144 145 1
144 146 1
145 147 1
145 785 1
145 2010 1
145 2408 1
145 965 1
146 1838 1
146 2303 1
147 149 1
147 752 1
147 683 1
148 1024 1
148 406 1
148 1611 1
149 150 1
149 151 1
150 2255 1
150 1042 1
151 2672 1
151 1714 1
151 2864 1
151 2580 1
152 153 1
152 619 1
152 1371 1
152 1712 1
153 154 1
153 1476 1
154 155 1
154 156 1
155 156 1
155 157 1
155 2457 1
155 1078 1
156 157 1
156 2153 1
156 939 1
157 1990 1
157 1439 1
158 160 1
158 1643 1
159 160 1
159 161 1
159 254 1
160 2359 1
160 2900 1
161 162 1
161 163 1
161 608 1
162 164 1
162 1864 1
162 2513 1
162 315 1
162 1103 1
163 165 1
163 2854 1
163 2840 1
164 165 1
164 1332 1
165 166 1
165 167 1
165 548 1
165 1259 1
166 167 1
166 1831 1
167 168 1
167 169 1
167 2720 1
167 365 1
168 1216 1
168 1174 1
168 1281 1
169 240 1
169 594 1
170 171 1
170 172 1
171 172 1
171 173 1
171 1819 1
172 173 1
172 174 1
172 2813 1
172 595 1
173 2393 1
173 2509 1
173 295 1
173 1717 1
173 2533 1
174 176 1
174 2176 1
174 885 1
174 1110 1
174 605 1
175 177 1
175 2081 1
176 762 1
176 2889 1
176 664 1
177 279 1
177 2924 1
177 1285 1
177 1191 1
178 179 1
178 2968 1
178 1194 1
179 181 1
179 492 1
180 181 1
180 182 1
180 2762 1
180 1930 1
181 182 1
181 1823 1
181 785 1
181 1878 1
181 2504 1
182 183 1
182 184 1
182 274 1
182 1073 1
182 1475 1
182 1245 1
183 185 1
183 336 1
184 186 1
184 2391 1
184 2257 1
185 186 1
185 187 1
185 2301 1
186 1069 1
186 736 1
186 686 1
187 2934 1
187 480 1
188 1088 1
188 2534 1
188 962 1
188 2273 1
189 191 1
189 2752 1
190 191 1
190 192 1
190 312 1
190 2575 1
191 193 1
191 298 1
191 1611 1
192 2545 1
192 684 1
193 194 1
193 392 1
193 2087 1
194 195 1
194 1939 1
195 197 1
195 874 1
195 1665 1
196 197 1
196 1627 1
196 1978 1
196 2194 1
196 2764 1
197 199 1
197 1430 1
198 199 1
198 200 1
199 200 1
199 2640 1
199 2532 1
200 647 1
200 2683 1
200 1937 1
201 203 1
201 2226 1
201 2081 1
202 203 1
202 940 1
203 204 1
203 1164 1
204 205 1
204 518 1
204 255 1
205 206 1
205 699 1
206 2272 1
206 2528 1
206 2718 1
207 2718 1
207 1333 1
207 447 1
207 2105 1
208 210 1
208 551 1
208 1339 1
209 439 1
209 217 1
209 2215 1
210 211 1
210 212 1
211 213 1
211 1155 1
211 488 1
212 213 1
212 2858 1
212 1279 1
213 214 1
213 215 1
214 216 1
214 2598 1
214 1792 1
214 2481 1
215 216 1
215 2605 1
215 1197 1
216 217 1
216 218 1
217 2621 1
218 220 1
218 1735 1
219 220 1
219 1423 1
219 2580 1
220 1367 1
220 931 1
221 222 1
221 223 1
222 223 1
222 1499 1
223 1810 1
223 570 1
223 2610 1
223 638 1
224 225 1
224 1941 1
224 2238 1
224 485 1
224 1298 1
225 227 1
226 228 1
226 2831 1
227 228 1
227 1180 1
227 1175 1
228 229 1
228 1430 1
228 1939 1
229 230 1
229 231 1
230 231 1
230 649 1
230 1955 1
230 433 1
231 523 1
231 1764 1
232 234 1
232 1494 1
232 2687 1
232 1636 1
233 234 1
233 235 1
234 235 1
234 236 1
235 236 1
235 237 1
235 2991 1
236 237 1
236 2297 1
236 2689 1
237 1023 1
237 2341 1
237 1024 1
237 2909 1
238 239 1
238 2449 1
238 2646 1
239 2294 1
239 1550 1
240 241 1
240 325 1
240 1450 1
241 2543 1
241 982 1
242 243 1
242 244 1
242 2961 1
243 244 1
243 245 1
244 246 1
244 666 1
245 246 1
245 247 1
246 247 1
246 2657 1
246 2191 1
247 248 1
247 249 1
247 504 1
247 2348 1
248 250 1
248 1361 1
248 1958 1
249 250 1
249 281 1
249 2473 1
250 2744 1
250 2262 1
250 1187 1
251 252 1
251 1866 1
252 253 1
252 254 1
253 2873 1
253 2551 1
254 1314 1
254 529 1
255 256 1
255 2691 1
255 2219 1
256 258 1
256 1886 1
256 1060 1
257 933 1
257 419 1
258 2704 1
258 513 1
259 261 1
259 1345 1
259 732 1
260 262 1
260 285 1
260 2565 1
261 262 1
261 618 1
261 2092 1
262 2628 1
262 1996 1
262 2389 1
262 890 1
263 264 1
263 1277 1
264 265 1
264 266 1
264 1701 1
265 266 1
265 2097 1
265 1522 1
267 1070 1
267 599 1
268 1088 1
268 490 1
268 2470 1
268 1608 1
269 2444 1
269 1926 1
270 2985 1
270 1025 1
271 272 1
271 273 1
271 2795 1
272 274 1
272 2095 1
273 2362 1
273 2928 1
274 1815 1
274 1440 1
275 276 1
276 2206 1
276 1471 1
276 1746 1
276 385 1
276 2798 1
277 278 1
277 279 1
277 1068 1
277 1956 1
278 279 1
278 280 1
278 558 1
278 724 1
279 280 1
279 2792 1
280 282 1
280 1767 1
280 2748 1
281 283 1
281 2721 1
281 638 1
281 2524 1
282 283 1
282 393 1
282 2983 1
282 2694 1
283 284 1
283 1442 1
283 2252 1
284 285 1
284 286 1
285 1231 1
285 2616 1
285 1064 1
286 287 1
286 1477 1
286 1556 1
287 288 1
287 289 1
287 2950 1
288 290 1
288 2856 1
289 522 1
289 463 1
290 2724 1
290 1779 1
291 292 1
291 686 1
292 293 1
292 294 1
293 294 1
293 295 1
293 2625 1
294 295 1
294 996 1
295 2245 1
296 297 1
296 298 1
296 2776 1
296 1128 1
297 299 1
297 861 1
298 300 1
298 2376 1
299 300 1
299 1210 1
299 367 1
299 1073 1
299 2467 1
300 1810 1
300 2048 1
301 876 1
301 2780 1
301 2534 1
302 303 1
302 2561 1
303 304 1
303 1457 1
303 2542 1
304 305 1
304 306 1
304 491 1
304 925 1
304 1059 1
305 306 1
305 307 1
305 2452 1
306 307 1
306 308 1
307 2720 1
307 954 1
308 309 1
308 2096 1
308 2220 1
308 2288 1
309 311 1
309 963 1
309 712 1
309 2857 1
310 311 1
310 312 1
310 1858 1
311 313 1
311 816 1
312 1631 1
312 791 1
313 1947 1
313 1548 1
313 1486 1
314 315 1
314 552 1
314 1597 1
315 316 1
315 1131 1
315 1676 1
315 1915 1
316 2580 1
316 1621 1
316 1670 1
316 1793 1
316 1314 1
317 318 1
317 319 1
317 424 1
318 319 1
318 320 1
318 349 1
318 2757 1
319 1637 1
319 2193 1
319 2322 1
320 2688 1
320 2016 1
320 1425 1
321 322 1
321 1919 1
321 949 1
321 1999 1
321 2863 1
322 323 1
322 2453 1
322 1500 1
323 324 1
323 325 1
323 899 1
324 325 1
324 326 1
324 655 1
325 326 1
325 1039 1
325 635 1
326 2851 1
326 1079 1
327 328 1
327 329 1
328 1021 1
328 1105 1
328 2614 1
329 330 1
329 331 1
329 630 1
329 1777 1
330 332 1
330 547 1
330 536 1
331 332 1
331 333 1
331 795 1
332 333 1
332 334 1
332 2446 1
333 334 1
333 508 1
333 2541 1
333 1925 1
334 335 1
334 2954 1
334 2586 1
335 336 1
335 863 1
335 1028 1
335 2208 1
336 337 1
336 338 1
336 390 1
336 2447 1
337 338 1
337 2799 1
337 1798 1
338 339 1
338 2259 1
338 2619 1
339 340 1
339 1100 1
339 1807 1
339 1160 1
340 341 1
340 2626 1
341 342 1
341 395 1
341 2880 1
342 343 1
342 344 1
343 344 1
343 532 1
343 1387 1
344 1062 1
344 1720 1
344 2334 1
345 346 1
345 1989 1
345 2608 1
346 347 1
346 989 1
347 349 1
347 2136 1
347 1660 1
348 350 1
348 980 1
348 2054 1
348 1109 1
348 1639 1
349 351 1
350 351 1
350 352 1
351 353 1
351 1376 1
352 2213 1
352 1739 1
352 1501 1
352 2653 1
353 618 1
353 2941 1
354 2843 1
354 1166 1
354 1978 1
354 2026 1
354 855 1
354 2080 1
355 357 1
355 877 1
355 2797 1
356 358 1
356 1670 1
356 761 1
357 359 1
357 1909 1
358 848 1
358 1650 1
358 2618 1
359 360 1
359 2286 1
360 362 1
360 2393 1
360 1146 1
360 2114 1
360 673 1
361 362 1
361 363 1
361 2453 1
362 364 1
362 2359 1
363 365 1
364 365 1
364 2195 1
364 2527 1
365 1598 1
366 367 1
366 368 1
366 1161 1
367 368 1
367 369 1
368 2237 1
368 1654 1
368 885 1
368 2309 1
369 370 1
369 371 1
369 1233 1
369 2522 1
370 371 1
370 929 1
370 2971 1
370 1736 1
371 1118 1
371 1579 1
372 2156 1
372 1257 1
373 375 1
373 2740 1
374 375 1
374 376 1
374 817 1
374 1900 1
374 2712 1
375 377 1
375 677 1
376 377 1
376 378 1
377 378 1
377 379 1
378 379 1
378 380 1
379 380 1
379 381 1
379 1382 1
379 2925 1
380 381 1
380 382 1
381 382 1
381 383 1
381 2540 1
382 383 1
382 384 1
382 1655 1
383 1756 1
383 427 1
384 1892 1
384 739 1
384 1905 1
385 387 1
385 1066 1
386 388 1
386 867 1
387 389 1
387 1383 1
388 389 1
388 390 1
388 953 1
388 1461 1
389 391 1
389 1727 1
389 2806 1
390 392 1
391 393 1
391 2210 1
391 1606 1
391 1857 1
392 394 1
392 1434 1
393 395 1
393 2235 1
394 395 1
394 396 1
394 2765 1
394 1954 1
395 396 1
395 1587 1
395 2594 1
396 397 1
396 819 1
396 2974 1
396 2780 1
397 398 1
397 1254 1
397 986 1
398 400 1
398 2242 1
399 400 1
399 2254 1
399 1634 1
400 402 1
400 1940 1
400 1744 1
400 2420 1
401 402 1
401 1854 1
401 1032 1
401 1652 1
402 403 1
402 1627 1
402 1208 1
403 2866 1
403 2829 1
403 777 1
404 406 1
404 1511 1
404 643 1
404 1538 1
404 1728 1
405 407 1
405 2488 1
406 407 1
406 408 1
406 1030 1
407 408 1
407 409 1
407 505 1
407 2122 1
407 2306 1
408 409 1
408 1231 1
408 1589 1
409 411 1
409 1275 1
410 1290 1
410 1155 1
411 412 1
411 2826 1
412 413 1
412 414 1
412 475 1
412 621 1
412 1926 1
413 414 1
413 415 1
414 416 1
414 2929 1
414 2170 1
415 417 1
415 2426 1
415 2229 1
416 417 1
416 418 1
417 418 1
417 1766 1
417 1886 1
418 1236 1
418 2088 1
418 567 1
418 2801 1
419 420 1
419 2385 1
420 421 1
420 1050 1
421 423 1
421 2319 1
421 2468 1
422 423 1
422 2003 1
422 1638 1
422 845 1
423 425 1
423 1755 1
424 425 1
425 427 1
425 2653 1
426 428 1
426 1721 1
426 2772 1
427 428 1
427 2825 1
428 430 1
428 1484 1
429 430 1
429 431 1
429 2217 1
430 431 1
430 2504 1
430 2631 1
431 432 1
431 2994 1
431 1562 1
431 2733 1
432 434 1
432 2138 1
432 2115 1
433 434 1
433 2068 1
434 436 1
434 2205 1
434 897 1
435 436 1
435 1779 1
436 2995 1
436 2507 1
436 2622 1
436 494 1
436 1139 1
437 438 1
437 439 1
437 1647 1
438 1006 1
438 2674 1
438 1744 1
439 440 1
439 441 1
439 1674 1
440 442 1
440 1847 1
440 1537 1
441 443 1
441 1904 1
442 443 1
442 444 1
442 511 1
442 1504 1
443 444 1
443 793 1
443 2202 1
443 2491 1
443 2148 1
444 2025 1
444 834 1
444 2212 1
445 446 1
445 447 1
445 2951 1
445 2678 1
446 869 1
446 2851 1
446 2859 1
446 870 1
447 1059 1
448 450 1
448 2442 1
449 450 1
449 451 1
449 1618 1
450 452 1
451 452 1
451 453 1
452 454 1
452 989 1
452 1207 1
453 454 1
453 2519 1
453 1770 1
454 985 1
454 1616 1
454 2692 1
455 456 1
455 1377 1
455 1049 1
456 457 1
456 2341 1
457 459 1
457 979 1
458 460 1
458 908 1
458 1501 1
459 997 1
459 1633 1
459 2019 1
460 462 1
460 2383 1
461 463 1
461 2268 1
461 1376 1
461 1902 1
462 463 1
462 553 1
463 2255 1
463 812 1
463 840 1
463 1541 1
463 1749 1
464 2879 1
464 2672 1
465 467 1
465 1256 1
465 584 1
465 1135 1
465 2756 1
466 468 1
466 495 1
466 1288 1
467 468 1
467 469 1
467 1695 1
467 2093 1
468 470 1
468 2195 1
468 1816 1
468 637 1
469 470 1
469 1091 1
470 471 1
470 472 1
471 1984 1
471 2360 1
472 2415 1
472 892 1
472 2752 1
472 2322 1
473 474 1
473 2674 1
473 1497 1
474 475 1
474 2246 1
474 1314 1
475 565 1
475 2533 1
475 2685 1
476 477 1
476 1249 1
476 1001 1
476 1200 1
476 1896 1
477 1479 1
477 1433 1
478 480 1
479 480 1
479 481 1
480 598 1
481 482 1
481 1828 1
481 957 1
482 483 1
482 585 1
482 1532 1
483 484 1
483 2432 1
483 2984 1
484 486 1
484 2011 1
484 716 1
484 2116 1
485 1396 1
485 2788 1
485 1121 1
486 487 1
486 2544 1
486 1496 1
487 489 1
487 1805 1
487 2596 1
487 2243 1
488 490 1
488 1507 1
489 491 1
489 1957 1
490 2842 1
491 493 1
492 493 1
492 878 1
492 2074 1
492 1930 1
493 494 1
493 857 1
494 496 1
494 2306 1
495 496 1
495 2070 1
495 2239 1
495 1144 1
495 1150 1
496 498 1
496 1017 1
496 2245 1
496 2317 1
497 1705 1
497 1979 1
498 499 1
498 500 1
499 500 1
499 501 1
500 502 1
500 2141 1
500 1046 1
500 1322 1
501 503 1
501 1814 1
501 757 1
501 825 1
501 1737 1
502 2411 1
502 2718 1
503 504 1
503 505 1
504 2544 1
504 2997 1
505 1927 1
505 2853 1
506 507 1
506 508 1
506 2389 1
507 865 1
507 2682 1
508 510 1
509 712 1
509 1885 1
509 2705 1
509 2755 1
510 511 1
510 1092 1
510 2704 1
511 1674 1
511 2968 1
512 2433 1
512 2660 1
513 1560 1
514 516 1
514 2896 1
515 517 1
515 1860 1
516 518 1
516 957 1
516 764 1
517 518 1
517 2446 1
518 519 1
518 520 1
518 1124 1
518 2582 1
519 520 1
519 2051 1
520 521 1
520 522 1
520 1990 1
521 522 1
521 523 1
521 2234 1
522 524 1
522 2231 1
522 1456 1
522 1220 1
523 611 1
523 2169 1
523 2476 1
524 525 1
524 2007 1
524 1974 1
525 526 1
525 644 1
526 680 1
526 2647 1
526 2803 1
526 2421 1
527 528 1
527 2561 1
528 529 1
528 2099 1
528 2054 1
529 530 1
529 1179 1
530 531 1
530 532 1
531 533 1
531 1920 1
532 533 1
532 534 1
532 707 1
533 534 1
533 535 1
533 821 1
533 2220 1
534 535 1
534 2274 1
535 536 1
535 537 1
535 2158 1
536 2060 1
536 1400 1
537 538 1
537 539 1
538 539 1
538 540 1
538 1487 1
539 540 1
539 1566 1
539 653 1
540 541 1
540 542 1
540 827 1
541 543 1
541 938 1
542 543 1
542 544 1
542 702 1
542 1909 1
542 2368 1
543 544 1
543 545 1
544 545 1
544 1850 1
544 2347 1
545 546 1
545 1280 1
546 547 1
546 548 1
546 1915 1
547 548 1
547 2657 1
547 2221 1
548 1406 1
548 2673 1
549 550 1
549 2218 1
550 552 1
550 2126 1
550 1372 1
551 552 1
551 566 1
551 2956 1
552 553 1
552 2889 1
553 555 1
553 2398 1
554 556 1
554 2015 1
554 2018 1
555 556 1
555 1445 1
555 595 1
556 558 1
556 1673 1
556 1143 1
557 559 1
557 2745 1
557 1544 1
558 659 1
559 561 1
559 2842 1
560 562 1
560 2714 1
560 1222 1
560 2889 1
561 562 1
561 1301 1
562 563 1
562 564 1
562 1260 1
563 564 1
563 2115 1
563 922 1
564 566 1
564 1289 1
564 980 1
564 1345 1
564 582 1
565 567 1
565 1787 1
565 2124 1
566 567 1
566 1301 1
566 1685 1
567 2108 1
567 2535 1
567 2609 1
568 569 1
568 570 1
568 1263 1
568 2264 1
569 2223 1
569 1036 1
569 770 1
569 2996 1
570 2911 1
570 757 1
570 876 1
570 2658 1
571 1482 1
571 2507 1
572 573 1
572 574 1
573 575 1
573 1811 1
573 1930 1
574 575 1
574 576 1
574 1559 1
574 1626 1
575 577 1
575 2250 1
575 1795 1
576 1180 1
576 1387 1
577 2861 1
577 2819 1
578 580 1
578 1222 1
579 580 1
579 2477 1
580 581 1
580 1785 1
580 2661 1
580 1129 1
580 2857 1
581 649 1
581 1588 1
582 852 1
583 584 1
583 927 1
584 2315 1
585 587 1
585 2944 1
586 587 1
586 588 1
586 2251 1
587 2936 1
587 1486 1
587 2750 1
588 590 1
588 2890 1
588 1565 1
589 591 1
589 1977 1
589 1214 1
590 591 1
590 2309 1
590 1800 1
591 593 1
591 2258 1
591 625 1
591 1257 1
592 781 1
592 1331 1
592 2568 1
593 594 1
593 595 1
593 772 1
593 648 1
594 595 1
594 596 1
595 596 1
595 1007 1
596 597 1
596 598 1
596 2686 1
597 599 1
597 1700 1
597 1516 1
598 600 1
598 2080 1
598 1845 1
599 2343 1
600 602 1
600 1223 1
600 908 1
601 602 1
601 603 1
601 880 1
601 2216 1
602 603 1
602 604 1
603 604 1
603 605 1
604 605 1
604 606 1
605 1984 1
605 769 1
606 608 1
606 2261 1
606 1396 1
606 1697 1
607 608 1
607 2204 1
607 1316 1
608 1319 1
608 796 1
608 668 1
609 610 1
609 611 1
609 2868 1
609 2579 1
610 611 1
610 612 1
611 613 1
611 1569 1
612 1683 1
612 1193 1
612 751 1
612 1187 1
613 1938 1
613 2955 1
613 1248 1
614 615 1
614 616 1
615 616 1
615 2009 1
615 682 1
616 2719 1
616 2914 1
616 2512 1
617 618 1
617 619 1
618 619 1
618 620 1
618 2440 1
619 621 1
620 2418 1
620 2647 1
621 2960 1
622 623 1
622 624 1
623 2155 1
623 2398 1
624 625 1
624 626 1
625 627 1
625 1549 1
626 2682 1
626 815 1
626 1694 1
627 628 1
628 1086 1
628 2418 1
628 2247 1
629 631 1
629 2838 1
629 1128 1
630 632 1
631 632 1
631 633 1
632 633 1
632 1644 1
632 1328 1
633 634 1
633 635 1
634 636 1
634 1298 1
634 1475 1
635 636 1
635 637 1
635 2725 1
636 637 1
636 638 1
637 2217 1
638 640 1
639 641 1
639 2804 1
640 641 1
640 2898 1
641 642 1
641 2800 1
641 2096 1
641 1623 1
642 643 1
642 644 1
643 2583 1
643 2255 1
644 645 1
644 700 1
645 646 1
645 647 1
645 857 1
645 2002 1
646 648 1
646 682 1
646 2172 1
646 799 1
647 648 1
647 649 1
647 1158 1
647 2724 1
648 649 1
649 2917 1
650 1536 1
650 1262 1
650 2090 1
651 1001 1
651 1828 1
652 653 1
652 741 1
653 654 1
653 1230 1
653 2881 1
654 655 1
654 656 1
655 1226 1
655 1397 1
655 1037 1
656 657 1
656 2039 1
657 659 1
657 2799 1
657 1019 1
657 1771 1
658 660 1
658 2389 1
658 1520 1
659 1889 1
659 2022 1
660 661 1
660 2688 1
660 2722 1
660 2412 1
661 663 1
661 2732 1
661 2061 1
662 1906 1
662 1810 1
662 2355 1
663 664 1
663 2459 1
664 665 1
664 1010 1
664 1183 1
664 2242 1
665 1810 1
665 2575 1
665 2532 1
666 667 1
666 668 1
667 668 1
667 669 1
668 1738 1
668 2357 1
668 1474 1
668 2233 1
669 670 1
669 1430 1
669 1453 1
670 1238 1
670 2353 1
671 673 1
671 1576 1
672 673 1
672 674 1
673 1563 1
673 2623 1
674 675 1
674 1708 1
674 2146 1
675 676 1
675 677 1
676 677 1
676 1165 1
676 1887 1
676 2736 1
677 679 1
677 2697 1
678 680 1
679 680 1
679 681 1
680 681 1
680 682 1
681 682 1
681 1866 1
681 2030 1
682 684 1
682 2484 1
682 2929 1
682 1342 1
683 684 1
684 685 1
684 1226 1
685 686 1
685 1668 1
685 2277 1
685 1553 1
685 2783 1
686 687 1
686 688 1
687 689 1
687 1444 1
688 690 1
688 779 1
688 2872 1
689 690 1
689 902 1
689 1929 1
690 691 1
690 1557 1
690 2846 1
690 1907 1
690 2948 1
691 692 1
691 693 1
691 2451 1
692 693 1
692 1695 1
692 1568 1
693 694 1
693 695 1
693 970 1
694 695 1
694 696 1
695 696 1
695 697 1
696 697 1
696 2989 1
696 1642 1
697 699 1
697 1806 1
697 2218 1
698 700 1
698 1495 1
699 700 1
699 2966 1
700 702 1
700 1209 1
700 2243 1
701 703 1
701 1702 1
702 704 1
702 1224 1
703 704 1
703 2494 1
703 2681 1
704 705 1
704 706 1
704 2005 1
705 2056 1
705 2356 1
706 707 1
706 708 1
706 2308 1
707 708 1
708 710 1
708 1974 1
709 710 1
709 2987 1
710 712 1
710 1388 1
710 1306 1
711 712 1
711 909 1
711 737 1
711 1809 1
712 714 1
712 2143 1
712 2718 1
712 2859 1
713 925 1
713 2083 1
713 1190 1
714 715 1
714 716 1
715 716 1
715 1170 1
716 717 1
716 2529 1
717 718 1
717 719 1
717 1419 1
718 719 1
718 1359 1
718 2521 1
718 1282 1
718 2716 1
719 721 1
719 1617 1
719 984 1
719 1345 1
720 2198 1
720 1368 1
721 1510 1
721 1360 1
721 2612 1
722 723 1
722 2624 1
723 724 1
723 1154 1
723 1190 1
724 725 1
725 726 1
725 2076 1
726 727 1
726 728 1
726 2392 1
727 729 1
727 958 1
727 2159 1
727 2716 1
728 2538 1
728 1686 1
728 2184 1
728 1366 1
729 730 1
729 2968 1
730 731 1
730 732 1
731 732 1
731 733 1
732 734 1
733 734 1
733 1385 1
734 736 1
734 2872 1
735 1673 1
735 1944 1
735 1436 1
735 1871 1
736 738 1
736 2717 1
737 738 1
737 739 1
737 2128 1
738 2018 1
738 2930 1
738 2570 1
738 1172 1
739 962 1
739 846 1
739 2200 1
739 1844 1
740 741 1
740 742 1
740 2303 1
741 1859 1
741 990 1
741 1696 1
741 986 1
742 744 1
742 2853 1
743 744 1
743 2823 1
743 2135 1
744 2977 1
744 849 1
744 2970 1
745 747 1
745 1700 1
746 747 1
746 748 1
746 2957 1
747 748 1
747 1078 1
747 2366 1
747 1990 1
748 749 1
748 750 1
749 750 1
749 751 1
749 2308 1
750 752 1
750 2828 1
750 1784 1
751 1817 1
752 968 1
753 754 1
753 1537 1
754 756 1
754 2809 1
754 2821 1
755 757 1
755 2642 1
756 758 1
756 1631 1
757 2438 1
758 759 1
758 1263 1
759 760 1
759 761 1
760 869 1
761 762 1
762 763 1
762 974 1
762 1423 1
763 1367 1
763 1136 1
763 1240 1
764 1239 1
765 766 1
765 1533 1
766 768 1
766 2271 1
766 1097 1
767 769 1
767 885 1
767 1998 1
768 769 1
768 770 1
770 771 1
770 772 1
770 2654 1
771 772 1
771 773 1
771 912 1
772 2478 1
772 1394 1
773 774 1
773 775 1
773 1466 1
774 775 1
774 776 1
774 1892 1
774 2930 1
775 776 1
775 777 1
775 2982 1
775 1324 1
776 778 1
777 1468 1
777 1111 1
777 2570 1
777 2891 1
778 779 1
778 780 1
779 781 1
779 1327 1
779 1525 1
779 2230 1
780 782 1
780 1087 1
781 1725 1
781 2629 1
781 2968 1
782 783 1
782 1588 1
783 784 1
783 785 1
784 786 1
784 1483 1
785 786 1
786 788 1
786 2064 1
787 789 1
787 2520 1
787 1708 1
788 2699 1
788 1913 1
788 2062 1
788 2778 1
789 790 1
789 791 1
789 2856 1
790 1374 1
790 2339 1
790 2700 1
791 793 1
791 1962 1
791 1036 1
791 1112 1
792 793 1
792 1279 1
793 795 1
793 2835 1
794 1817 1
794 822 1
794 1186 1
794 2416 1
794 2498 1
795 1134 1
796 798 1
797 799 1
797 1127 1
797 2436 1
798 799 1
798 800 1
799 800 1
800 801 1
800 1800 1
801 803 1
801 2447 1
801 2033 1
801 2521 1
802 803 1
802 804 1
803 2480 1
803 2223 1
803 2553 1
804 2875 1
804 1305 1
804 2411 1
805 2682 1
805 2886 1
806 807 1
806 808 1
806 2627 1
807 808 1
807 809 1
808 809 1
808 1769 1
808 1276 1
809 811 1
809 1850 1
809 2173 1
810 811 1
810 1818 1
811 1858 1
812 2989 1
812 2767 1
812 821 1
813 1749 1
813 1572 1
814 1045 1
814 1747 1
815 2887 1
815 1204 1
816 817 1
816 818 1
816 1569 1
816 2685 1
817 819 1
817 1351 1
818 819 1
818 820 1
818 1082 1
818 2082 1
819 821 1
820 821 1
820 822 1
820 1514 1
821 2441 1
822 823 1
822 824 1
822 2028 1
822 1065 1
822 1696 1
823 824 1
823 825 1
824 825 1
824 826 1
824 1160 1
825 827 1
826 828 1
826 2726 1
826 1081 1
827 828 1
827 2125 1
828 2954 1
828 2862 1
828 2832 1
829 1179 1
829 1867 1
830 831 1
830 2640 1
831 833 1
831 2368 1
831 2066 1
831 1142 1
832 833 1
832 950 1
832 1102 1
832 2601 1
833 835 1
833 1976 1
833 1542 1
833 1968 1
834 2527 1
835 2279 1
835 2995 1
835 1489 1
836 1142 1
836 1213 1
836 2866 1
837 838 1
837 839 1
837 1317 1
838 839 1
838 874 1
838 1331 1
838 2833 1
839 840 1
840 841 1
841 842 1
841 2044 1
841 1890 1
841 2166 1
842 843 1
842 844 1
842 2986 1
843 844 1
843 1428 1
843 884 1
843 2295 1
843 2696 1
844 846 1
844 2695 1
844 2846 1
845 846 1
846 2926 1
846 2695 1
847 849 1
847 1266 1
847 1835 1
848 849 1
848 1742 1
848 2661 1
849 1617 1
849 1238 1
849 2787 1
850 851 1
850 852 1
851 852 1
851 1694 1
852 999 1
853 854 1
853 855 1
853 1945 1
854 855 1
854 856 1
855 2173 1
855 1396 1
856 1720 1
856 2843 1
857 859 1
858 860 1
858 2956 1
859 2325 1
859 1402 1
859 2945 1
860 861 1
860 862 1
860 1499 1
860 1675 1
861 862 1
861 2715 1
862 864 1
862 2531 1
862 2559 1
863 865 1
864 866 1
864 2712 1
864 1201 1
865 867 1
865 2487 1
865 2977 1
866 1119 1
866 875 1
866 2442 1
867 2099 1
867 2274 1
868 1761 1
868 1824 1
869 2778 1
869 1663 1
870 871 1
870 1853 1
871 873 1
871 2733 1
872 874 1
872 904 1
872 2794 1
873 875 1
873 2455 1
874 2642 1
874 1147 1
874 2537 1
875 877 1
876 877 1
876 2790 1
877 878 1
877 879 1
877 1532 1
878 880 1
878 978 1
879 881 1
879 1764 1
880 1558 1
880 1763 1
880 2106 1
881 882 1
881 883 1
882 2289 1
882 1194 1
883 884 1
883 2368 1
884 885 1
884 1040 1
884 1957 1
885 887 1
886 1884 1
886 2336 1
887 888 1
887 889 1
887 1234 1
888 889 1
888 890 1
889 890 1
889 891 1
890 891 1
890 892 1
890 1925 1
891 892 1
891 893 1
892 894 1
893 895 1
893 1331 1
893 1255 1
894 896 1
894 2532 1
894 2378 1
895 897 1
895 2825 1
896 897 1
896 898 1
896 1570 1
896 1821 1
897 899 1
898 900 1
898 2413 1
899 2140 1
899 2249 1
900 902 1
900 1271 1
900 2064 1
901 902 1
901 2734 1
901 2294 1
902 904 1
903 2594 1
903 1156 1
903 1381 1
904 906 1
904 2089 1
904 1211 1
905 1432 1
905 1405 1
905 2877 1
906 908 1
906 2644 1
907 908 1
907 909 1
907 1544 1
907 2360 1
907 2740 1
908 910 1
908 2843 1
908 2398 1
909 1783 1
910 911 1
910 912 1
910 1022 1
911 912 1
911 913 1
911 2091 1
912 913 1
913 915 1
913 2573 1
913 2590 1
913 2906 1
914 916 1
914 2310 1
915 916 1
915 2428 1
915 2869 1
915 1709 1
916 2313 1
916 2745 1
917 918 1
918 919 1
918 2095 1
919 2570 1
919 2480 1
919 1994 1
920 922 1
920 1802 1
920 1835 1
921 923 1
921 1812 1
922 923 1
923 924 1
923 925 1
924 925 1
924 1502 1
924 1868 1
925 927 1
926 928 1
926 1852 1
926 1667 1
927 929 1
927 1511 1
927 2254 1
928 929 1
928 930 1
929 1738 1
929 1498 1
930 931 1
930 932 1
931 932 1
931 1456 1
932 2271 1
932 1740 1
933 934 1
933 935 1
934 935 1
934 936 1
935 937 1
935 2342 1
935 1637 1
935 2134 1
936 937 1
936 2056 1
937 1949 1
937 2238 1
938 939 1
938 940 1
938 1910 1
939 940 1
940 942 1
940 1407 1
941 942 1
941 943 1
942 2647 1
942 1973 1
942 1893 1
943 945 1
943 1015 1
943 1550 1
943 2912 1
944 945 1
944 2991 1
945 946 1
945 947 1
946 947 1
946 948 1
946 1587 1
947 948 1
947 949 1
948 950 1
948 1159 1
949 1386 1
949 2050 1
950 951 1
950 952 1
951 953 1
951 2585 1
952 953 1
952 2584 1
952 1325 1
953 955 1
953 2154 1
953 2978 1
954 955 1
954 956 1
954 1572 1
954 2271 1
955 1033 1
955 2596 1
955 2687 1
956 957 1
956 958 1
957 958 1
957 959 1
958 959 1
958 960 1
958 2326 1
959 960 1
959 961 1
960 962 1
960 2387 1
960 1476 1
961 962 1
961 2517 1
961 1860 1
961 2602 1
962 963 1
962 964 1
962 1859 1
962 2086 1
962 2970 1
963 2688 1
963 2592 1
963 1358 1
964 965 1
964 1207 1
964 1201 1
965 2438 1
965 1770 1
966 967 1
966 968 1
967 969 1
967 2290 1
968 1346 1
968 2309 1
968 2199 1
969 970 1
969 2578 1
969 1765 1
970 971 1
971 972 1
971 973 1
972 973 1
972 974 1
973 974 1
973 2558 1
973 2517 1
974 975 1
974 2314 1
974 1986 1
975 976 1
975 2071 1
975 1349 1
976 1483 1
976 1139 1
977 1266 1
977 2523 1
977 1707 1
978 1783 1
978 1053 1
978 2775 1
979 1992 1
979 2876 1
980 982 1
980 1001 1
981 983 1
981 1212 1
981 1531 1
982 983 1
982 984 1
982 2318 1
983 985 1
983 2211 1
984 985 1
984 2560 1
985 986 1
985 2750 1
985 2871 1
986 1380 1
986 1252 1
987 988 1
987 989 1
988 989 1
988 990 1
989 990 1
990 992 1
991 992 1
991 993 1
991 1220 1
991 2024 1
992 993 1
992 994 1
993 994 1
993 995 1
994 996 1
994 1793 1
995 1493 1
995 1509 1
995 1570 1
996 997 1
996 1803 1
996 2503 1
997 999 1
997 1820 1
997 1594 1
998 999 1
998 2367 1
999 1000 1
999 1001 1
1000 1001 1
1000 1751 1
1000 2631 1
1002 1922 1
1002 1901 1
1003 1004 1
1003 1235 1
1004 2779 1
1004 1207 1
1004 2182 1
1005 1006 1
1005 2800 1
1006 1007 1
1006 1008 1
1007 1155 1
1007 1551 1
1008 1009 1
1008 1010 1
1009 1010 1
1009 1183 1
1010 1012 1
1010 1314 1
1010 1642 1
1010 1751 1
1011 1012 1
1011 1671 1
1011 2780 1
1011 1238 1
1012 1013 1
1012 2172 1
1013 1015 1
1013 1025 1
1014 1969 1
1014 1852 1
1014 2177 1
1014 2921 1
1015 1016 1
1015 1017 1
1016 1017 1
1016 1018 1
1017 2114 1
1017 1388 1
1017 1719 1
1017 2671 1
1018 1019 1
1018 1020 1
1018 1847 1
1019 1094 1
1019 1976 1
1020 1022 1
1020 2103 1
1020 2867 1
1021 1792 1
1021 2393 1
1022 2766 1
1023 1024 1
1023 1025 1
1023 2200 1
1023 1799 1
1024 1025 1
1024 1026 1
1025 1026 1
1025 1027 1
1026 1624 1
1026 1383 1
1026 2461 1
1027 1028 1
1027 1029 1
1027 1586 1
1028 1030 1
1030 1032 1
1030 2705 1
1031 1032 1
1031 1033 1
1031 2905 1
1032 1033 1
1032 2781 1
1033 1034 1
1033 1035 1
1034 1036 1
1034 1176 1
1034 2371 1
1035 1036 1
1035 2971 1
1036 2822 1
1037 1038 1
1037 2538 1
1038 2521 1
1038 2434 1
1039 1041 1
1039 1866 1
1040 1042 1
1041 1042 1
1041 1043 1
1042 1043 1
1042 1044 1
1042 2626 1
1042 1746 1
1043 1044 1
1043 1045 1
1043 2977 1
1044 1045 1
1044 2477 1
1044 1986 1
1045 1181 1
1045 2689 1
1046 1048 1
1046 1943 1
1047 1049 1
1047 1720 1
1048 1049 1
1048 1050 1
1049 1050 1
1049 2525 1
1050 1052 1
1050 2048 1
1051 1052 1
1051 1913 1
1052 1054 1
1052 2111 1
1053 1054 1
1053 1858 1
1054 1055 1
1054 1056 1
1054 1377 1
1054 2305 1
1055 1749 1
1056 1057 1
1056 1058 1
1057 1059 1
1057 1707 1
1058 1060 1
1058 2738 1
1059 1478 1
1059 1714 1
1060 2155 1
1060 2421 1
1060 2784 1
1061 1062 1
1061 1363 1
1062 1063 1
1062 1064 1
1063 1064 1
1063 1085 1
1064 1926 1
1064 1449 1
1065 1585 1
1065 1337 1
1066 1067 1
1066 1068 1
1066 1827 1
1067 1139 1
1067 2016 1
1067 1877 1
1068 2215 1
1069 1071 1
1069 2692 1
1069 2089 1
1070 1071 1
1070 2061 1
1070 2636 1
1071 1072 1
1071 1809 1
1072 1073 1
1072 1074 1
1073 1846 1
1073 2554 1
1074 1387 1
1074 2981 1
1074 2550 1
1075 1076 1
1075 1770 1
1075 1827 1
1076 2805 1
1076 2039 1
1077 2849 1
1077 2623 1
1078 2509 1
1079 1080 1
1079 1081 1
1079 2899 1
1079 1883 1
1080 1875 1
1080 2868 1
1081 1603 1
1081 2226 1
1082 1084 1
1083 1084 1
1083 1085 1
1083 2888 1
1084 1086 1
1084 1271 1
1084 1243 1
1085 1086 1
1085 1787 1
1086 1087 1
1086 2981 1
1086 1997 1
1087 1088 1
1087 1089 1
1088 1090 1
1088 2650 1
1089 1091 1
1089 1463 1
1090 1091 1
1090 2824 1
1090 2130 1
1090 2973 1
1091 1093 1
1091 2686 1
1091 1837 1
1092 2324 1
1093 1094 1
1093 1095 1
1094 1096 1
1094 1639 1
1094 1390 1
1095 1096 1
1095 1241 1
1096 1097 1
1096 1221 1
1096 2590 1
1096 1296 1
1097 1099 1
1098 1100 1
1098 2038 1
1099 2127 1
1099 1393 1
1100 1883 1
1101 1102 1
1101 1103 1
1102 2468 1
1102 1666 1
1103 1104 1
1104 1106 1
1104 1204 1
1104 1928 1
1105 1107 1
1105 1649 1
1106 1211 1
1106 1598 1
1106 1271 1
1107 1109 1
1107 2469 1
1108 1109 1
1108 1110 1
1109 1819 1
1110 1112 1
1111 1112 1
1112 1113 1
1113 1114 1
1113 2429 1
1114 2620 1
1114 2065 1
1114 1593 1
1115 1116 1
1115 2215 1
1116 1117 1
1116 1118 1
1117 2612 1
1117 1841 1
1118 1120 1
1118 2102 1
1118 1713 1
1119 1120 1
1119 1390 1
1120 1121 1
1120 1635 1
1120 2954 1
1120 2759 1
1121 1122 1
1121 2450 1
1122 2489 1
1122 2679 1
1123 1124 1
1123 1125 1
1123 1892 1
1124 2778 1
1125 1127 1
1125 2643 1
1125 1745 1
1126 1128 1
1126 1569 1
1127 1128 1
1127 1129 1
1128 1489 1
1129 1130 1
1130 1131 1
1131 2533 1
1131 1315 1
1132 1133 1
1132 2873 1
1133 1134 1
1133 1135 1
1133 2390 1
1134 2661 1
1134 2592 1
1135 1259 1
1136 1138 1
1136 1439 1
1137 1586 1
1137 2504 1
1137 2414 1
1138 1139 1
1138 2421 1
1139 1386 1
1139 2443 1
1140 1141 1
1140 2438 1
1140 2839 1
1141 1143 1
1141 2507 1
1142 2012 1
1143 2779 1
1144 1145 1
1144 2751 1
1145 1147 1
1145 2922 1
1146 1148 1
1146 2162 1
1147 1148 1
1147 2049 1
1148 1149 1
1148 1150 1
1149 1150 1
1149 1151 1
1149 1693 1
1150 1151 1
1150 2853 1
1151 1152 1
1151 2130 1
1151 1701 1
1151 1880 1
1152 1153 1
1152 1516 1
1153 1155 1
1153 1229 1
1153 1238 1
1154 1155 1
1154 2234 1
1154 2384 1
1155 1156 1
1156 1157 1
1156 1158 1
1157 1158 1
1157 1159 1
1158 1159 1
1159 1160 1
1159 1995 1
1161 1162 1
1162 1164 1
1162 2024 1
1163 1165 1
1163 2270 1
1164 1165 1
1164 2841 1
1164 1906 1
1164 2549 1
1165 1167 1
1165 2260 1
1166 1168 1
1166 1399 1
1166 1628 1
1166 2207 1
1167 1169 1
1167 1631 1
1168 1169 1
1168 2621 1
1169 1170 1
1169 1845 1
1170 1171 1
1170 1353 1
1171 1172 1
1171 1173 1
1172 1173 1
1172 2302 1
1173 1175 1
1173 1299 1
1174 1175 1
1174 1176 1
1174 1960 1
1175 2786 1
1175 1234 1
1176 1177 1
1176 1444 1
1176 1704 1
1177 1179 1
1177 2259 1
1178 1179 1
1178 2172 1
1179 1181 1
1179 1329 1
1180 1182 1
1181 1182 1
1181 1183 1
1182 1183 1
1182 1184 1
1183 1185 1
1184 2906 1
1184 2566 1
1185 1187 1
1185 2126 1
1185 1480 1
1186 1187 1
1186 1364 1
1187 1188 1
1187 2246 1
1188 1190 1
1188 2602 1
1188 1368 1
1189 1190 1
1189 1191 1
1189 1223 1
1190 2561 1
1191 2186 1
1191 2544 1
1192 2626 1
1192 2472 1
1192 1492 1
1193 2379 1
1193 1781 1
1194 2699 1
1194 1701 1
1194 2527 1
1195 1196 1
1195 1197 1
1195 1456 1
1196 1197 1
1196 1198 1
1197 2309 1
1197 2119 1
1198 1200 1
1199 2628 1
1200 1201 1
1201 2967 1
1202 1203 1
1202 1204 1
1202 2070 1
1203 1205 1
1203 2618 1
1203 2743 1
1204 2569 1
1205 1206 1
1205 1207 1
1206 1207 1
1206 1208 1
1208 1209 1
1209 1210 1
1209 1379 1
1209 1690 1
1209 1226 1
1210 1212 1
1211 1212 1
1211 1738 1
1212 1703 1
1212 2397 1
1212 1256 1
1213 2527 1
1213 1786 1
1214 2497 1
1215 2943 1
1215 1587 1
1216 1415 1
1216 1875 1
1217 1218 1
1217 1219 1
1218 1220 1
1218 1518 1
1219 1220 1
1219 1221 1
1220 1316 1
1221 2330 1
1221 1721 1
1223 1315 1
1223 2439 1
1223 1907 1
1223 1948 1
1224 1225 1
1225 1226 1
1225 1227 1
1225 2269 1
1227 1228 1
1227 1229 1
1227 2637 1
1228 1229 1
1228 1230 1
1228 2531 1
1229 1230 1
1229 1231 1
1229 1500 1
1229 1678 1
1230 1232 1
1230 2416 1
1230 1431 1
1231 2109 1
1231 2323 1
1231 2265 1
1232 1234 1
1232 1264 1
1233 2138 1
1234 1235 1
1235 1236 1
1235 1237 1
1236 1237 1
1236 1238 1
1236 1359 1
1236 1509 1
1237 1446 1
1237 2991 1
1237 1426 1
1238 2933 1
1239 2680 1
1239 1779 1
1240 1241 1
1240 1242 1
1241 1243 1
1241 1705 1
1241 1595 1
1242 1243 1
1242 1244 1
1242 2318 1
1243 2350 1
1243 1412 1
1244 1245 1
1244 1246 1
1245 1246 1
1245 2029 1
1245 2188 1
1246 1641 1
1246 1928 1
1246 1334 1
1247 1249 1
1247 2302 1
1248 1250 1
1248 2267 1
1249 1583 1
1249 1616 1
1249 1641 1
1249 2248 1
1250 1251 1
1250 2854 1
1250 2253 1
1251 1252 1
1251 1253 1
1252 2553 1
1252 1797 1
1253 1254 1
1254 1256 1
1254 2603 1
1255 1389 1
1256 1257 1
1257 2999 1
1258 2086 1
1258 2741 1
1259 2881 1
1260 2337 1
1261 1262 1
1261 1263 1
1262 1263 1
1262 1864 1
1262 1400 1
1262 2947 1
1263 1264 1
1263 1648 1
1263 2073 1
1263 1756 1
1263 2770 1
1264 1266 1
1264 2112 1
1265 2512 1
1265 1518 1
1266 1268 1
1266 1610 1
1267 1268 1
1267 1269 1
1268 1269 1
1268 2570 1
1269 1378 1
1269 2830 1
1270 1271 1
1270 1967 1
1271 1272 1
1272 1274 1
1272 2306 1
1272 1709 1
1273 1275 1
1274 1276 1
1274 2760 1
1275 1707 1
1275 2335 1
1275 2805 1
1276 1277 1
1276 1376 1
1277 1278 1
1277 1279 1
1277 1489 1
1277 2505 1
1278 1279 1
1278 1741 1
1278 2764 1
1279 1280 1
1280 1944 1
1280 1498 1
1281 2686 1
1282 1283 1
1283 1284 1
1283 1285 1
1283 2842 1
1283 1886 1
1284 1285 1
1284 1286 1
1285 1286 1
1285 1287 1
1286 1287 1
1286 1288 1
1287 2577 1
1287 1372 1
1288 1289 1
1288 2566 1
1289 1290 1
1289 1291 1
1289 1616 1
1290 1292 1
1290 2789 1
1291 1293 1
1291 2346 1
1292 1293 1
1292 1294 1
1293 1295 1
1294 1296 1
1294 1716 1
1294 2054 1
1295 1297 1
1295 2829 1
1296 2056 1
1296 2840 1
1297 1298 1
1297 1299 1
1297 1350 1
1298 1299 1
1299 1300 1
1299 1415 1
1300 1301 1
1300 2054 1
1300 1875 1
1301 1303 1
1302 1303 1
1302 2908 1
1303 1304 1
1303 1305 1
1304 1305 1
1304 1306 1
1304 2323 1
1305 1307 1
1305 1544 1
1306 2216 1
1306 1508 1
1307 1309 1
1307 2184 1
1308 1310 1
1308 1452 1
1309 1310 1
1309 1311 1
1309 2194 1
1310 1311 1
1310 1312 1
1311 1312 1
1311 1876 1
1312 1313 1
1312 1601 1
1313 1315 1
1313 1984 1
1314 1683 1
1315 2325 1
1317 1318 1
1318 1319 1
1318 1320 1
1319 1320 1
1319 1321 1
1319 2014 1
1320 1966 1
1320 2796 1
1321 1323 1
1321 2956 1
1322 2171 1
1322 2726 1
1322 1421 1
1322 1463 1
1323 1324 1
1323 1876 1
1323 2641 1
1324 1325 1
1324 2436 1
1325 1326 1
1325 1851 1
1325 2791 1
1326 1328 1
1326 1414 1
1327 1328 1
1327 1329 1
1328 1329 1
1328 2371 1
1328 2316 1
1329 2647 1
1330 1331 1
1330 1332 1
1331 1812 1
1331 2728 1
1332 1333 1
1332 1334 1
1333 1334 1
1333 1335 1
1333 2312 1
1334 2207 1
1335 1337 1
1335 2303 1
1336 1337 1
1336 1338 1
1336 1643 1
1337 2522 1
1337 1634 1
1337 2064 1
1338 1339 1
1338 1524 1
1339 1341 1
1339 1970 1
1340 1341 1
1340 1342 1
1340 2785 1
1341 1342 1
1341 1447 1
1342 1343 1
1343 1345 1
1343 1693 1
1343 2078 1
1343 2213 1
1344 1935 1
1344 1425 1
1344 2193 1
1344 1548 1
1345 2494 1
1346 1348 1
1346 2255 1
1347 1348 1
1347 1349 1
1348 1350 1
1348 2675 1
1348 2708 1
1349 1350 1
1349 2454 1
1350 1351 1
1350 1678 1
1351 1353 1
1352 1353 1
1352 1515 1
1353 1510 1
1353 2919 1
1353 2304 1
1353 2670 1
1354 1355 1
1354 1356 1
1354 2724 1
1355 1356 1
1355 1357 1
1356 1358 1
1356 2352 1
1356 2588 1
1356 2831 1
1357 2962 1
1357 1837 1
1357 2845 1
1358 1359 1
1358 1360 1
1358 2430 1
1358 2538 1
1359 2100 1
1359 2847 1
1361 1362 1
1361 2046 1
1362 1364 1
1362 1627 1
1363 1364 1
1363 1365 1
1364 1366 1
1364 1523 1
1365 1366 1
1365 2238 1
1366 1368 1
1366 2327 1
1367 1368 1
1367 2890 1
1368 1369 1
1368 2038 1
1369 1371 1
1369 1862 1
1370 1371 1
1370 1372 1
1371 1372 1
1371 1373 1
1372 1374 1
1373 1374 1
1373 1375 1
1374 1376 1
1375 1376 1
1375 1377 1
1376 2995 1
1377 1379 1
1378 1379 1
1378 1380 1
1379 2257 1
1380 1381 1
1381 1382 1
1381 2983 1
1382 2617 1
1383 1384 1
1383 2491 1
1384 1385 1
1384 1386 1
1385 1386 1
1385 1387 1
1386 2742 1
1386 2145 1
1388 1390 1
1389 1572 1
1389 2751 1
1390 1392 1
1390 1873 1
1391 1392 1
1391 1393 1
1392 2961 1
1392 2009 1
1393 1394 1
1393 2479 1
1394 1396 1
1394 1473 1
1394 2096 1
1395 1396 1
1395 2732 1
1396 2463 1
1397 1399 1
1397 2609 1
1398 2059 1
1398 1582 1
1399 1400 1
1399 2618 1
1400 1401 1
1401 1402 1
1401 1403 1
1402 1403 1
1402 1404 1
1402 2969 1
1403 1404 1
1403 2982 1
1404 1405 1
1404 1406 1
1404 2541 1
1405 1407 1
1405 2655 1
1406 1748 1
1406 1813 1
1407 1864 1
1407 2982 1
1408 1409 1
1408 1410 1
1408 1603 1
1408 2741 1
1409 1410 1
1409 2259 1
1409 1697 1
1410 2250 1
1410 2406 1
1410 2161 1
1411 1412 1
1411 1413 1
1411 1495 1
1412 1413 1
1412 1439 1
1413 1414 1
1413 2152 1
1414 1415 1
1414 1416 1
1414 2908 1
1415 1416 1
1415 2420 1
1415 2170 1
1416 1417 1
1416 1418 1
1417 1418 1
1417 1629 1
1417 2577 1
1417 1678 1
1418 1419 1
1418 1420 1
1418 1465 1
1419 1420 1
1420 1421 1
1420 1422 1
1420 2638 1
1421 1423 1
1421 2311 1
1421 1986 1
1422 1424 1
1422 2244 1
1423 1424 1
1424 1426 1
1424 2199 1
1425 1454 1
1425 2010 1
1426 1427 1
1427 1429 1
1427 2787 1
1428 2389 1
1428 1826 1
1428 2291 1
1429 1431 1
1429 2091 1
1431 2103 1
1432 1434 1
1432 2310 1
1433 1435 1
1433 1894 1
1434 1435 1
1434 2679 1
1435 1437 1
1437 1438 1
1437 2818 1
1438 1439 1
1438 1440 1
1439 1920 1
1440 1441 1
1440 1515 1
1440 2352 1
1441 1442 1
1441 1443 1
1442 1969 1
1443 1444 1
1443 1445 1
1444 1446 1
1445 1447 1
1446 1447 1
1446 2844 1
1447 1448 1
1447 1449 1
1448 1449 1
1448 2357 1
1449 1567 1
1450 1547 1
1451 2797 1
1451 1889 1
1452 1453 1
1452 1454 1
1452 1860 1
1453 1454 1
1454 1480 1
1454 1538 1
1455 2201 1
1455 1459 1
1457 1458 1
1457 1459 1
1458 1460 1
1458 2080 1
1459 1460 1
1459 1461 1
1460 1461 1
1460 1462 1
1461 2946 1
1461 1899 1
1462 1463 1
1462 1464 1
1463 1464 1
1464 1465 1
1464 1466 1
1464 1635 1
1465 1467 1
1465 2537 1
1466 1468 1
1467 1468 1
1467 2808 1
1467 2760 1
1468 1469 1
1468 1470 1
1469 2705 1
1469 2189 1
1470 1472 1
1470 2849 1
1470 2886 1
1471 1473 1
1472 2123 1
1473 2753 1
1473 2846 1
1473 1987 1
1473 2871 1
1474 1475 1
1474 1536 1
1476 1478 1
1477 1478 1
1477 1479 1
1477 1893 1
1477 2343 1
1478 1479 1
1478 1480 1
1479 1480 1
1479 1481 1
1480 1482 1
1480 1545 1
1480 2215 1
1481 1483 1
1481 2997 1
1482 1483 1
1482 1484 1
1483 1484 1
1483 1485 1
1484 1485 1
1484 1486 1
1484 2915 1
1484 2988 1
1485 1486 1
1485 1487 1
1487 1488 1
1488 1489 1
1488 1490 1
1489 1724 1
1490 1492 1
1490 2424 1
1490 2123 1
1491 1492 1
1491 1811 1
1492 1493 1
1492 1494 1
1493 1494 1
1493 1495 1
1494 1496 1
1494 2031 1
1495 2908 1
1496 1497 1
1497 1498 1
1497 2844 1
1498 1499 1
1498 2992 1
1499 1706 1
1501 2204 1
1501 1631 1
1502 2484 1
1502 1984 1
1503 1505 1
1503 2899 1
1504 1897 1
1505 1506 1
1505 2703 1
1506 1507 1
1506 1508 1
1506 1913 1
1506 2614 1
1507 1508 1
1508 1509 1
1508 1510 1
1508 1828 1
1509 2031 1
1510 1512 1
1511 1512 1
1511 1513 1
1511 2513 1
1511 2732 1
1512 1513 1
1512 1514 1
1513 1514 1
1513 1515 1
1514 2968 1
1515 1516 1
1516 1545 1
1517 1518 1
1517 1519 1
1517 2997 1
1518 1519 1
1518 1520 1
1518 2396 1
1519 1520 1
1519 1521 1
1520 2407 1
1521 1522 1
1521 1523 1
1522 1523 1
1522 1524 1
1523 1525 1
1524 1526 1
1524 1894 1
1525 2369 1
1526 1527 1
1526 1528 1
1526 2561 1
1527 1529 1
1527 1962 1
1528 1529 1
1528 1530 1
1529 1530 1
1529 1531 1
1530 1531 1
1530 2201 1
1531 2972 1
1531 1921 1
1532 1533 1
1533 1534 1
1533 1535 1
1533 1733 1
1534 1536 1
1534 2186 1
1535 1536 1
1535 2860 1
1535 2831 1
1535 2955 1
1536 1538 1
1537 1538 1
1538 1638 1
1538 2209 1
1539 1540 1
1539 1541 1
1540 1541 1
1540 2107 1
1541 1542 1
1542 1544 1
1542 1610 1
1542 2390 1
1543 1696 1
1543 2376 1
1543 1909 1
1545 1546 1
1545 2604 1
1546 1548 1
1546 2267 1
1546 2772 1
1547 1548 1
1547 1549 1
1547 2211 1
1548 1549 1
1549 1577 1
1550 2950 1
1550 2460 1
1550 2571 1
1551 1553 1
1551 2902 1
1552 1554 1
1552 2682 1
1552 2208 1
1553 1554 1
1553 1555 1
1554 2002 1
1554 1600 1
1554 1669 1
1555 1556 1
1555 1753 1
1556 1557 1
1556 2556 1
1557 1559 1
1558 1559 1
1558 1560 1
1559 1561 1
1559 2885 1
1560 1561 1
1560 1665 1
1561 1563 1
1561 2221 1
1562 1563 1
1562 2675 1
1563 1564 1
1563 2251 1
1563 2702 1
1563 2141 1
1563 2482 1
1563 2852 1
1563 2879 1
1564 1565 1
1564 1566 1
1565 1566 1
1566 2738 1
1566 2847 1
1567 1569 1
1567 2616 1
1568 2584 1
1569 2897 1
1570 2437 1
1571 1572 1
1571 1573 1
1572 2531 1
1573 1574 1
1573 1575 1
1574 1575 1
1574 1576 1
1575 1576 1
1575 2923 1
1576 1577 1
1576 1578 1
1577 1579 1
1577 2180 1
1578 1579 1
1578 1580 1
1579 1581 1
1579 2169 1
1580 1581 1
1580 1582 1
1580 2544 1
1581 1582 1
1581 1944 1
1581 2731 1
1581 2686 1
1582 1584 1
1582 2058 1
1583 1584 1
1583 1985 1
1583 2677 1
1584 1585 1
1584 1586 1
1585 1586 1
1585 1863 1
1586 1587 1
1588 1589 1
1588 1590 1
1589 2539 1
1590 1591 1
1590 1592 1
1590 2286 1
1590 1957 1
1590 2590 1
1591 1592 1
1591 1593 1
1592 1626 1
1592 1773 1
1593 1595 1
1593 1664 1
1593 1762 1
1594 1623 1
1594 2783 1
1595 1596 1
1596 1598 1
1596 2802 1
1596 1646 1
1597 1598 1
1598 1600 1
1598 2662 1
1598 2314 1
1599 1600 1
1599 1601 1
1599 1651 1
1600 1909 1
1601 1950 1
1601 2712 1
1601 2676 1
1602 2802 1
1602 2068 1
1603 1604 1
1604 1606 1
1604 1778 1
1605 1606 1
1605 1607 1
1606 2446 1
1607 1608 1
1607 1609 1
1608 1609 1
1608 1610 1
1609 2836 1
1609 1844 1
1610 1611 1
1610 2628 1
1610 1767 1
1611 2147 1
1612 1613 1
1612 2281 1
1612 1814 1
1613 1614 1
1613 1615 1
1614 1616 1
1614 2225 1
1615 1616 1
1615 1617 1
1616 1765 1
1617 2932 1
1617 1868 1
1618 1619 1
1618 2004 1
1619 1620 1
1619 1621 1
1620 1621 1
1620 2269 1
1620 2358 1
1621 1623 1
1622 1624 1
1622 2310 1
1622 2312 1
1624 1625 1
1624 1626 1
1625 1626 1
1625 2027 1
1626 1628 1
1627 1628 1
1627 2771 1
1628 1629 1
1629 2247 1
1629 2646 1
1630 1632 1
1630 1791 1
1632 2515 1
1632 2392 1
1633 1634 1
1633 2561 1
1634 1944 1
1636 1637 1
1636 2706 1
1637 1639 1
1638 2655 1
1639 2785 1
1640 1641 1
1640 1642 1
1640 2540 1
1641 2534 1
1641 2092 1
1642 1710 1
1642 2542 1
1642 1796 1
1643 1644 1
1644 2695 1
1645 1647 1
1645 2597 1
1646 1648 1
1647 1649 1
1648 2851 1
1648 2792 1
1649 1946 1
1650 1652 1
1651 1839 1
1652 1653 1
1653 1654 1
1653 1655 1
1653 2479 1
1653 2599 1
1653 2664 1
1654 2766 1
1655 2035 1
1655 2165 1
1656 1657 1
1656 1658 1
1657 1658 1
1657 1659 1
1657 2084 1
1658 1659 1
1658 2519 1
1658 2894 1
1659 1695 1
1659 1786 1
1660 1756 1
1660 2603 1
1660 2007 1
1661 1662 1
1661 1663 1
1662 1663 1
1662 1664 1
1662 2640 1
1663 1664 1
1663 1665 1
1664 1666 1
1664 2135 1
1666 2350 1
1667 2020 1
1667 2437 1
1668 1670 1
1668 2329 1
1668 2324 1
1669 1671 1
1669 1725 1
1669 2310 1
1670 1672 1
1671 1673 1
1672 1673 1
1672 1674 1
1673 2526 1
1673 2321 1
1674 1676 1
1675 2964 1
1676 1677 1
1676 1703 1
1677 1679 1
1677 2541 1
1677 2136 1
1678 2363 1
1679 1764 1
1679 2512 1
1679 2212 1
1680 1681 1
1680 2037 1
1680 1698 1
1681 1682 1
1681 2560 1
1682 1683 1
1682 1684 1
1683 1685 1
1683 2941 1
1683 2691 1
1684 1685 1
1684 1686 1
1684 2923 1
1685 1686 1
1685 1687 1
1685 2564 1
1686 1688 1
1686 1846 1
1687 1688 1
1687 1689 1
1687 1923 1
1688 1689 1
1688 2045 1
1689 2847 1
1689 1915 1
1690 1691 1
1690 2613 1
1691 1692 1
1691 1693 1
1691 2818 1
1692 1693 1
1692 1694 1
1692 1780 1
1693 1695 1
1694 1695 1
1694 2319 1
1695 1697 1
1696 1697 1
1697 2235 1
1698 2254 1
1698 2295 1
1698 2631 1
1698 2808 1
1698 1813 1
1699 1701 1
1699 2979 1
1700 1702 1
1700 2902 1
1700 2131 1
1702 1703 1
1702 1704 1
1703 1705 1
1703 2041 1
1703 2126 1
1704 1705 1
1704 2084 1
1705 1707 1
1705 1992 1
1706 2698 1
1706 2463 1
1707 1734 1
1708 1709 1
1708 2326 1
1708 2072 1
1708 2952 1
1709 2450 1
1710 2294 1
1711 1712 1
1711 1713 1
1712 1713 1
1713 1714 1
1714 2693 1
1715 1716 1
1715 1717 1
1715 2407 1
1716 2200 1
1716 2256 1
1717 1718 1
1717 2663 1
1718 1719 1
1718 1720 1
1720 1721 1
1721 2651 1
1722 1723 1
1722 1724 1
1723 1724 1
1723 1725 1
1724 1725 1
1724 2499 1
1725 1726 1
1725 1727 1
1725 2501 1
1726 1727 1
1726 1728 1
1727 1764 1
1727 2967 1
1728 1730 1
1728 2546 1
1729 2092 1
1729 2339 1
1729 2029 1
1730 1731 1
1730 1732 1
1731 1732 1
1731 1733 1
1731 1782 1
1731 1960 1
1732 1733 1
1732 1734 1
1732 2873 1
1733 1735 1
1734 1736 1
1734 2784 1
1735 1736 1
1735 1737 1
1735 2280 1
1736 1737 1
1736 1750 1
1737 2866 1
1738 1740 1
1739 2394 1
1740 1742 1
1740 2991 1
1741 1743 1
1742 1744 1
1743 1744 1
1743 1745 1
1745 2854 1
1745 1963 1
1746 2989 1
1747 1749 1
1747 2912 1
1747 1754 1
1748 2105 1
1748 2186 1
1749 1750 1
1749 2932 1
1750 1751 1
1750 2433 1
1752 1753 1
1752 1754 1
1752 2239 1
1753 1754 1
1753 1755 1
1753 1888 1
1753 2789 1
1754 1756 1
1755 1756 1
1755 2932 1
1756 2828 1
1757 1758 1
1757 2482 1
1757 2135 1
1758 2693 1
1758 2713 1
1759 1761 1
1759 1929 1
1759 1995 1
1760 1761 1
1760 1874 1
1760 2751 1
1760 2573 1
1761 1762 1
1761 2264 1
1762 2618 1
1763 1765 1
1764 2883 1
1764 2807 1
1765 1766 1
1766 1768 1
1767 1768 1
1767 1839 1
1768 1769 1
1768 1770 1
1769 1771 1
1770 2457 1
1771 1772 1
1771 1949 1
1772 1774 1
1772 2618 1
1773 1775 1
1774 1775 1
1774 1776 1
1775 1776 1
1775 1777 1
1776 1876 1
1777 1778 1
1777 2454 1
1778 1779 1
1778 1780 1
1779 1780 1
1779 1781 1
1779 2228 1
1780 2517 1
1781 1782 1
1781 1783 1
1782 1783 1
1783 1785 1
1784 1786 1
1785 1787 1
1786 1787 1
1786 1788 1
1787 1789 1
1788 1789 1
1788 2467 1
1788 2903 1
1789 1791 1
1789 1994 1
1790 1791 1
1790 1792 1
1791 1792 1
1791 2848 1
1792 1793 1
1792 1975 1
1793 1794 1
1793 1795 1
1793 2798 1
1793 2750 1
1794 1795 1
1794 1817 1
1795 1797 1
1795 2204 1
1795 2063 1
1796 1848 1
1797 1798 1
1797 2656 1
1798 1799 1
1799 1800 1
1800 1802 1
1801 1802 1
1801 1803 1
1802 1803 1
1802 1804 1
1802 2253 1
1803 1804 1
1803 1805 1
1804 1806 1
1804 2805 1
1805 1807 1
1805 2909 1
1806 1807 1
1806 1808 1
1807 1960 1
1808 1809 1
1808 1810 1
1809 1810 1
1810 1812 1
1810 2328 1
1810 2617 1
1811 1813 1
1811 2203 1
1811 2477 1
1812 1814 1
1812 1874 1
1813 1814 1
1814 1815 1
1815 1817 1
1815 2093 1
1815 2706 1
1816 1818 1
1817 1819 1
1817 2225 1
1818 1819 1
1819 1821 1
1820 1821 1
1820 1822 1
1820 2494 1
1820 2593 1
1821 1823 1
1822 1823 1
1822 1824 1
1823 1825 1
1823 2678 1
1824 1825 1
1824 2873 1
1825 1827 1
1826 2252 1
1826 2532 1
1827 1828 1
1827 2108 1
1828 2221 1
1829 1830 1
1829 2324 1
1830 2409 1
1830 2944 1
1831 1832 1
1831 1833 1
1832 1833 1
1832 1834 1
1833 1834 1
1833 1835 1
1834 1836 1
1834 2524 1
1836 1837 1
1836 1838 1
1837 1838 1
1838 1839 1
1838 2025 1
1839 1840 1
1840 1841 1
1840 1842 1
1840 2276 1
1841 1843 1
1841 2884 1
1842 1844 1
1842 2346 1
1842 2034 1
1843 2108 1
1843 2774 1
1843 2266 1
1844 1845 1
1845 1846 1
1846 2836 1
1847 1848 1
1848 1849 1
1848 2785 1
1848 2803 1
1849 1850 1
1849 1851 1
1849 2214 1
1850 1921 1
1850 2679 1
1851 2914 1
1852 1854 1
1853 1854 1
1853 2259 1
1854 1855 1
1854 1856 1
1854 2616 1
1854 2694 1
1855 1857 1
1855 2366 1
1856 1857 1
1856 1858 1
1857 1858 1
1858 1860 1
1858 2948 1
1858 2886 1
1859 1860 1
1860 1861 1
1861 1863 1
1861 2112 1
1862 1863 1
1862 1864 1
1863 1864 1
1863 1865 1
1863 2893 1
1864 1865 1
1864 1866 1
1865 1867 1
1865 2000 1
1866 2919 1
1867 1868 1
1867 1869 1
1868 1869 1
1869 1871 1
1869 1878 1
1870 1871 1
1870 1887 1
1870 2342 1
1870 2543 1
1870 2292 1
1870 2713 1
1871 1872 1
1872 1873 1
1872 2064 1
1873 1874 1
1873 2107 1
1874 1876 1
1875 1876 1
1875 2235 1
1876 1878 1
1877 1878 1
1878 2368 1
1879 1881 1
1879 1988 1
1880 1881 1
1881 1882 1
1881 1883 1
1881 2778 1
1882 1883 1
1882 1884 1
1883 2565 1
1884 1885 1
1884 1886 1
1884 2373 1
1885 1887 1
1886 1887 1
1888 2013 1
1889 1891 1
1889 2821 1
1889 2101 1
1890 1891 1
1890 2693 1
1890 2652 1
1891 1892 1
1891 1893 1
1894 1927 1
1895 1896 1
1895 2892 1
1896 1897 1
1897 1899 1
1897 2563 1
1898 1900 1
1898 2865 1
1899 1900 1
1899 1965 1
1899 2028 1
1900 1902 1
1901 1902 1
1901 1903 1
1902 1954 1
1902 2345 1
1902 2488 1
1902 2594 1
1902 2747 1
1903 1905 1
1903 2432 1
1904 1906 1
1904 2786 1
1904 1983 1
1906 1907 1
1906 2023 1
1907 1908 1
1908 1909 1
1908 1910 1
1909 1911 1
1909 2069 1
1910 1912 1
1911 1913 1
1911 2994 1
1912 1913 1
1913 1915 1
1914 1915 1
1914 1916 1
1914 2864 1
1916 1917 1
1916 2041 1
1916 2613 1
1917 1918 1
1917 1919 1
1918 1920 1
1918 2308 1
1918 1972 1
1919 2663 1
1919 2791 1
1920 1922 1
1921 1922 1
1922 1923 1
1922 1924 1
1923 1925 1
1924 1925 1
1924 1926 1
1926 2899 1
1927 1929 1
1928 1929 1
1929 1931 1
1931 1933 1
1931 2641 1
1932 1934 1
1932 2267 1
1933 1934 1
1933 2008 1
1933 2131 1
1933 2997 1
1934 1935 1
1934 1936 1
1935 1937 1
1935 2829 1
1936 1938 1
1936 2697 1
1937 1938 1
1938 1940 1
1938 2486 1
1939 1940 1
1939 2057 1
1940 1941 1
1940 1942 1
1940 2462 1
1941 1943 1
1941 2128 1
1942 1943 1
1942 1944 1
1943 1944 1
1944 2351 1
1945 2047 1
1946 1947 1
1947 2315 1
1947 2680 1
1948 1949 1
1949 1950 1
1950 1952 1
1950 2329 1
1951 1953 1
1951 2238 1
1952 1953 1
1952 1954 1
1953 1954 1
1953 1955 1
1954 1955 1
1955 1956 1
1955 1957 1
1956 1958 1
1956 2456 1
1957 1973 1
1958 2156 1
1958 2307 1
1959 1960 1
1959 1961 1
1961 1962 1
1961 1963 1
1962 1963 1
1962 1964 1
1962 2921 1
1963 2875 1
1964 2624 1
1964 2210 1
1964 2103 1
1965 1966 1
1966 1967 1
1966 1968 1
1967 1969 1
1968 1970 1
1969 1970 1
1969 1971 1
1970 1972 1
1971 1973 1
1971 2599 1
1971 2870 1
1972 1973 1
1973 1974 1
1974 1975 1
1975 1977 1
1975 2909 1
1975 2970 1
1976 1977 1
1977 1978 1
1977 1979 1
1979 1980 1
1979 1981 1
1980 1982 1
1980 2508 1
1981 1982 1
1981 1983 1
1982 1984 1
1982 2696 1
1983 1984 1
1984 1986 1
1984 2900 1
1985 1987 1
1987 1988 1
1987 1989 1
1987 2033 1
1988 1989 1
1988 1990 1
1989 1990 1
1989 2710 1
1991 1992 1
1991 1993 1
1991 2250 1
1991 2982 1
1992 1993 1
1993 1994 1
1993 1995 1
1994 2406 1
1995 1997 1
1996 1998 1
1997 2362 1
1997 2046 1
1998 1999 1
1998 2887 1
1999 2093 1
2000 2002 1
2000 2047 1
2000 2563 1
2001 2002 1
2001 2003 1
2002 2004 1
2002 2907 1
2003 2349 1
2003 2189 1
2003 2255 1
2004 2005 1
2005 2006 1
2006 2008 1
2006 2085 1
2006 2898 1
2008 2010 1
2008 2477 1
2009 2011 1
2010 2012 1
2011 2012 1
2011 2534 1
2012 2013 1
2012 2014 1
2013 2014 1
2013 2015 1
2014 2016 1
2014 2319 1
2014 2587 1
2014 2855 1
2015 2017 1
2015 2951 1
2016 2018 1
2016 2046 1
2016 2083 1
2017 2018 1
2017 2019 1
2017 2151 1
2018 2758 1
2019 2020 1
2019 2408 1
2020 2022 1
2020 2113 1
2021 2022 1
2021 2023 1
2022 2023 1
2022 2730 1
2023 2657 1
2023 2406 1
2024 2025 1
2025 2026 1
2025 2565 1
2026 2028 1
2027 2028 1
2027 2029 1
2027 2597 1
2030 2031 1
2031 2033 1
2031 2585 1
2032 2033 1
2032 2034 1
2033 2192 1
2034 2035 1
2035 2036 1
2035 2037 1
2036 2037 1
2036 2333 1
2037 2039 1
2038 2219 1
2039 2841 1
2039 2583 1
2040 2041 1
2040 2042 1
2041 2042 1
2042 2044 1
2042 2693 1
2042 2595 1
2043 2045 1
2043 2979 1
2044 2046 1
2045 2046 1
2045 2047 1
2047 2048 1
2047 2103 1
2048 2049 1
2048 2050 1
2049 2051 1
2050 2052 1
2051 2052 1
2051 2053 1
2051 2892 1
2052 2053 1
2052 2926 1
2053 2054 1
2053 2873 1
2055 2056 1
2055 2057 1
2056 2057 1
2056 2656 1
2056 2620 1
2057 2058 1
2057 2875 1
2058 2425 1
2058 2551 1
2059 2060 1
2059 2061 1
2060 2795 1
2060 2858 1
2062 2063 1
2063 2064 1
2063 2091 1
2065 2067 1
2066 2068 1
2067 2069 1
2067 2395 1
2067 2321 1
2068 2070 1
2068 2364 1
2069 2071 1
2069 2129 1
2071 2072 1
2071 2073 1
2072 2073 1
2073 2075 1
2073 2737 1
2074 2076 1
2075 2077 1
2075 2811 1
2076 2078 1
2076 2887 1
2077 2078 1
2077 2079 1
2078 2080 1
2079 2081 1
2079 2913 1
2079 2193 1
2081 2083 1
2082 2083 1
2083 2643 1
2084 2761 1
2085 2086 1
2085 2087 1
2085 2500 1
2086 2087 1
2087 2088 1
2088 2090 1
2089 2090 1
2091 2354 1
2093 2582 1
2094 2095 1
2094 2096 1
2095 2401 1
2096 2181 1
2097 2099 1
2098 2100 1
2098 2646 1
2099 2101 1
2099 2611 1
2100 2102 1
2100 2784 1
2101 2103 1
2102 2104 1
2102 2351 1
2103 2105 1
2103 2968 1
2104 2106 1
2105 2764 1
2106 2108 1
2106 2880 1
2107 2108 1
2108 2110 1
2109 2110 1
2109 2111 1
2110 2112 1
2110 2537 1
2111 2112 1
2111 2113 1
2112 2113 1
2112 2114 1
2113 2115 1
2113 2256 1
2113 2649 1
2114 2304 1
2116 2633 1
2117 2118 1
2117 2119 1
2118 2119 1
2118 2120 1
2118 2759 1
2119 2120 1
2119 2396 1
2119 2440 1
2120 2121 1
2120 2122 1
2121 2122 1
2121 2123 1
2122 2123 1
2123 2124 1
2124 2231 1
2125 2126 1
2126 2317 1
2126 2609 1
2127 2128 1
2127 2129 1
2129 2446 1
2132 2133 1
2132 2473 1
2132 2724 1
2133 2134 1
2133 2170 1
2134 2135 1
2135 2136 1
2136 2691 1
2137 2139 1
2137 2186 1
2138 2139 1
2138 2140 1
2139 2140 1
2139 2141 1
2139 2621 1
2140 2142 1
2141 2142 1
2141 2143 1
2142 2143 1
2142 2952 1
2143 2145 1
2144 2146 1
2144 2427 1
2145 2858 1
2146 2424 1
2147 2870 1
2148 2150 1
2148 2326 1
2148 2337 1
2148 2688 1
2149 2150 1
2149 2151 1
2150 2151 1
2150 2152 1
2151 2153 1
2152 2153 1
2152 2588 1
2153 2155 1
2154 2156 1
2155 2156 1
2155 2157 1
2156 2158 1
2157 2516 1
2157 2789 1
2158 2160 1
2159 2161 1
2160 2161 1
2160 2162 1
2161 2162 1
2163 2165 1
2163 2887 1
2163 2304 1
2164 2165 1
2164 2166 1
2165 2166 1
2166 2167 1
2167 2168 1
2167 2169 1
2168 2169 1
2168 2170 1
2169 2171 1
2169 2713 1
2171 2173 1
2172 2174 1
2173 2174 1
2174 2176 1
2174 2619 1
2175 2176 1
2175 2202 1
2176 2177 1
2176 2971 1
2177 2179 1
2177 2302 1
2178 2179 1
2178 2180 1
2179 2180 1
2179 2181 1
2180 2181 1
2180 2182 1
2181 2413 1
2182 2183 1
2182 2184 1
2183 2185 1
2183 2821 1
2184 2186 1
2185 2186 1
2186 2187 1
2186 2188 1
2186 2299 1
2187 2188 1
2187 2189 1
2188 2325 1
2189 2191 1
2189 2468 1
2190 2192 1
2190 2505 1
2190 2413 1
2191 2317 1
2191 2488 1
2192 2194 1
2194 2265 1
2195 2197 1
2196 2197 1
2196 2198 1
2196 2991 1
2197 2198 1
2197 2345 1
2198 2199 1
2198 2200 1
2200 2202 1
2201 2202 1
2201 2203 1
2202 2204 1
2203 2204 1
2203 2205 1
2204 2206 1
2204 2766 1
2205 2206 1
2205 2207 1
2206 2207 1
2206 2208 1
2207 2208 1
2207 2855 1
2208 2210 1
2209 2211 1
2210 2212 1
2211 2212 1
2212 2213 1
2212 2214 1
2213 2214 1
2213 2757 1
2214 2216 1
2214 2338 1
2217 2219 1
2217 2693 1
2218 2220 1
2219 2220 1
2221 2222 1
2222 2223 1
2222 2773 1
2223 2225 1
2223 2434 1
2224 2225 1
2224 2226 1
2225 2226 1
2225 2227 1
2225 2738 1
2226 2227 1
2227 2229 1
2227 2678 1
2228 2230 1
2229 2231 1
2230 2232 1
2231 2233 1
2231 2270 1
2232 2233 1
2232 2234 1
2233 2234 1
2236 2342 1
2236 2886 1
2237 2238 1
2237 2239 1
2237 2626 1
2238 2240 1
2239 2241 1
2240 2712 1
2241 2242 1
2241 2243 1
2242 2244 1
2242 2495 1
2243 2815 1
2243 2256 1
2244 2245 1
2244 2246 1
2245 2246 1
2248 2708 1
2249 2251 1
2249 2630 1
2249 2826 1
2250 2251 1
2252 2827 1
2252 2416 1
2254 2256 1
2255 2256 1
2256 2257 1
2256 2607 1
2257 2853 1
2258 2259 1
2258 2348 1
2260 2261 1
2260 2262 1
2261 2263 1
2261 2416 1
2262 2704 1
2262 2950 1
2263 2264 1
2263 2265 1
2264 2265 1
2265 2267 1
2265 2682 1
2265 2731 1
2266 2267 1
2267 2268 1
2267 2269 1
2268 2269 1
2268 2663 1
2268 2982 1
2269 2560 1
2270 2272 1
2270 2926 1
2270 2328 1
2271 2340 1
2272 2273 1
2272 2274 1
2272 2552 1
2273 2274 1
2273 2331 1
2273 2543 1
2274 2275 1
2274 2276 1
2274 2812 1
2274 2342 1
2275 2276 1
2275 2277 1
2276 2278 1
2277 2279 1
2278 2279 1
2278 2280 1
2279 2280 1
2279 2281 1
2280 2282 1
2280 2721 1
2281 2283 1
2281 2799 1
2282 2284 1
2282 2570 1
2283 2285 1
2283 2438 1
2283 2600 1
2284 2979 1
2284 2996 1
2284 2292 1
2285 2286 1
2285 2535 1
2286 2288 1
2287 2288 1
2287 2289 1
2287 2580 1
2288 2289 1
2288 2290 1
2288 2657 1
2289 2290 1
2289 2291 1
2290 2291 1
2290 2292 1
2291 2292 1
2291 2293 1
2292 2869 1
2292 2697 1
2293 2294 1
2293 2295 1
2294 2295 1
2296 2321 1
2296 2891 1
2297 2298 1
2297 2299 1
2298 2299 1
2298 2300 1
2299 2300 1
2300 2301 1
2300 2302 1
2301 2302 1
2303 2304 1
2303 2887 1
2304 2305 1
2305 2306 1
2306 2683 1
2307 2309 1
2307 2495 1
2309 2932 1
2310 2311 1
2311 2312 1
2311 2313 1
2313 2314 1
2313 2922 1
2316 2317 1
2317 2318 1
2317 2902 1
2318 2882 1
2319 2321 1
2320 2321 1
2320 2322 1
2321 2322 1
2322 2323 1
2322 2839 1
2323 2959 1
2324 2325 1
2327 2328 1
2327 2329 1
2328 2333 1
2329 2331 1
2330 2331 1
2330 2332 1
2330 2721 1
2331 2332 1
2331 2554 1
2332 2333 1
2332 2334 1
2333 2334 1
2333 2442 1
2334 2335 1
2335 2337 1
2335 2423 1
2336 2337 1
2336 2338 1
2337 2339 1
2338 2339 1
2339 2341 1
2340 2341 1
2340 2342 1
2341 2343 1
2344 2345 1
2344 2346 1
2345 2347 1
2346 2347 1
2346 2348 1
2346 2731 1
2346 2942 1
2347 2348 1
2347 2349 1
2349 2351 1
2350 2351 1
2350 2449 1
2351 2786 1
2352 2353 1
2353 2355 1
2354 2355 1
2355 2822 1
2356 2358 1
2356 2699 1
2357 2359 1
2358 2359 1
2359 2360 1
2359 2361 1
2360 2362 1
2360 2711 1
2361 2362 1
2361 2363 1
2362 2363 1
2362 2364 1
2362 2868 1
2363 2365 1
2364 2365 1
2365 2366 1
2365 2367 1
2366 2367 1
2366 2794 1
2367 2368 1
2367 2369 1
2368 2370 1
2369 2370 1
2369 2371 1
2370 2371 1
2370 2372 1
2370 2529 1
2371 2713 1
2372 2373 1
2372 2374 1
2373 2374 1
2374 2375 1
2374 2376 1
2375 2376 1
2375 2834 1
2377 2378 1
2377 2379 1
2379 2381 1
2379 2774 1
2379 2830 1
2380 2381 1
2380 2853 1
2381 2382 1
2381 2383 1
2381 2598 1
2382 2383 1
2382 2384 1
2383 2385 1
2383 2714 1
2384 2385 1
2384 2386 1
2385 2386 1
2385 2387 1
2386 2387 1
2386 2975 1
2387 2388 1
2387 2389 1
2388 2390 1
2388 2804 1
2391 2392 1
2391 2393 1
2391 2509 1
2392 2393 1
2392 2599 1
2392 2610 1
2393 2395 1
2393 2913 1
2393 2838 1
2394 2395 1
2394 2396 1
2395 2396 1
2395 2397 1
2397 2398 1
2397 2399 1
2397 2642 1
2398 2399 1
2399 2400 1
2399 2401 1
2399 2431 1
2400 2401 1
2400 2402 1
2401 2402 1
2401 2403 1
2401 2928 1
2402 2403 1
2402 2404 1
2403 2404 1
2403 2513 1
2404 2405 1
2404 2406 1
2405 2406 1
2405 2407 1
2405 2667 1
2406 2407 1
2407 2409 1
2409 2410 1
2409 2411 1
2410 2411 1
2410 2412 1
2410 2899 1
2411 2412 1
2412 2414 1
2412 2922 1
2412 2469 1
2413 2415 1
2413 2972 1
2414 2415 1
2415 2417 1
2415 2752 1
2417 2418 1
2417 2419 1
2418 2419 1
2418 2420 1
2419 2420 1
2419 2421 1
2420 2422 1
2420 2553 1
2420 2922 1
2422 2423 1
2422 2424 1
2423 2424 1
2424 2425 1
2424 2426 1
2425 2426 1
2425 2427 1
2426 2427 1
2426 2428 1
2427 2428 1
2427 2925 1
2427 2778 1
2428 2839 1
2429 2430 1
2429 2431 1
2430 2432 1
2431 2433 1
2432 2434 1
2433 2599 1
2434 2435 1
2434 2436 1
2435 2436 1
2435 2437 1
2437 2438 1
2438 2439 1
2438 2786 1
2439 2441 1
2441 2443 1
2442 2444 1
2443 2444 1
2444 2445 1
2444 2446 1
2444 2814 1
2445 2447 1
2445 2932 1
2447 2585 1
2448 2449 1
2448 2450 1
2449 2451 1
2450 2452 1
2451 2980 1
2451 2825 1
2451 2771 1
2452 2453 1
2453 2455 1
2453 2800 1
2455 2456 1
2455 2565 1
2456 2458 1
2456 2485 1
2458 2459 1
2458 2460 1
2459 2460 1
2459 2461 1
2460 2461 1
2460 2462 1
2461 2462 1
2462 2463 1
2463 2464 1
2464 2466 1
2465 2466 1
2465 2467 1
2466 2468 1
2466 2841 1
2467 2468 1
2468 2470 1
2468 2658 1
2469 2471 1
2470 2472 1
2470 2979 1
2471 2472 1
2471 2473 1
2472 2474 1
2472 2963 1
2472 2512 1
2474 2475 1
2474 2476 1
2475 2814 1
2475 2841 1
2475 2631 1
2476 2477 1
2478 2502 1
2479 2481 1
2480 2776 1
2481 2482 1
2481 2502 1
2483 2484 1
2483 2529 1
2484 2486 1
2485 2486 1
2485 2852 1
2485 2938 1
2486 2487 1
2486 2488 1
2487 2489 1
2487 2623 1
2489 2490 1
2489 2491 1
2490 2491 1
2490 2492 1
2491 2493 1
2492 2493 1
2492 2768 1
2493 2495 1
2493 2826 1
2495 2497 1
2495 2508 1
2495 2652 1
2496 2875 1
2497 2499 1
2497 2848 1
2498 2499 1
2499 2501 1
2500 2501 1
2501 2502 1
2502 2544 1
2503 2504 1
2505 2506 1
2506 2507 1
2506 2508 1
2507 2509 1
2508 2510 1
2510 2511 1
2510 2512 1
2511 2512 1
2511 2513 1
2514 2515 1
2514 2516 1
2515 2516 1
2515 2517 1
2516 2517 1
2516 2518 1
2518 2520 1
2518 2752 1
2519 2521 1
2519 2957 1
2520 2521 1
2520 2522 1
2521 2522 1
2522 2524 1
2523 2524 1
2523 2525 1
2524 2964 1
2525 2736 1
2526 2527 1
2526 2834 1
2527 2529 1
2528 2530 1
2530 2531 1
2530 2532 1
2531 2532 1
2532 2773 1
2533 2744 1
2535 2537 1
2536 2537 1
2536 2538 1
2538 2539 1
2538 2834 1
2539 2540 1
2539 2541 1
2539 2613 1
2545 2546 1
2545 2586 1
2546 2548 1
2547 2548 1
2547 2549 1
2548 2549 1
2549 2852 1
2550 2551 1
2551 2552 1
2551 2553 1
2552 2553 1
2555 2556 1
2555 2557 1
2556 2775 1
2556 2797 1
2557 2558 1
2557 2665 1
2557 2683 1
2558 2559 1
2558 2560 1
2558 2965 1
2559 2560 1
2560 2561 1
2561 2562 1
2562 2563 1
2562 2564 1
2563 2565 1
2564 2566 1
2565 2567 1
2566 2568 1
2567 2569 1
2567 2777 1
2567 2856 1
2568 2569 1
2568 2786 1
2569 2570 1
2569 2571 1
2570 2571 1
2571 2744 1
2572 2573 1
2572 2574 1
2573 2574 1
2573 2725 1
2574 2575 1
2574 2576 1
2575 2576 1
2576 2578 1
2576 2977 1
2577 2579 1
2578 2579 1
2578 2580 1
2579 2580 1
2579 2769 1
2579 2926 1
2580 2854 1
2581 2582 1
2581 2583 1
2582 2583 1
2583 2585 1
2584 2585 1
2584 2586 1
2585 2587 1
2586 2587 1
2587 2589 1
2588 2590 1
2589 2590 1
2589 2591 1
2591 2592 1
2591 2593 1
2592 2594 1
2593 2595 1
2594 2595 1
2594 2632 1
2595 2919 1
2596 2619 1
2596 2845 1
2597 2598 1
2598 2599 1
2598 2805 1
2600 2602 1
2601 2602 1
2602 2603 1
2603 2604 1
2603 2813 1
2604 2605 1
2604 2869 1
2605 2606 1
2605 2607 1
2606 2607 1
2606 2608 1
2607 2608 1
2607 2966 1
2608 2609 1
2611 2612 1
2612 2613 1
2612 2614 1
2614 2615 1
2615 2616 1
2615 2617 1
2617 2699 1
2618 2644 1
2620 2621 1
2621 2623 1
2622 2624 1
2623 2625 1
2624 2626 1
2624 2937 1
2624 2821 1
2625 2626 1
2627 2628 1
2628 2630 1
2629 2800 1
2630 2631 1
2630 2632 1
2632 2634 1
2633 2634 1
2633 2635 1
2634 2635 1
2634 2636 1
2635 2636 1
2635 2637 1
2636 2638 1
2636 2698 1
2636 2913 1
2637 2638 1
2638 2639 1
2639 2640 1
2639 2641 1
2641 2642 1
2641 2643 1
2642 2644 1
2643 2680 1
2644 2645 1
2644 2646 1
2645 2646 1
2645 2647 1
2646 2647 1
2647 2963 1
2648 2650 1
2648 2694 1
2649 2650 1
2650 2651 1
2650 2652 1
2651 2652 1
2651 2653 1
2653 2654 1
2654 2655 1
2655 2859 1
2656 2657 1
2657 2895 1
2659 2660 1
2659 2661 1
2660 2661 1
2661 2874 1
2661 2699 1
2662 2663 1
2662 2664 1
2664 2665 1
2665 2667 1
2666 2667 1
2666 2668 1
2667 2668 1
2668 2669 1
2669 2671 1
2669 2910 1
2669 2763 1
2670 2671 1
2671 2672 1
2671 2673 1
2672 2673 1
2672 2674 1
2673 2674 1
2673 2675 1
2674 2676 1
2675 2676 1
2676 2677 1
2677 2678 1
2677 2903 1
2678 2679 1
2679 2680 1
2680 2681 1
2680 2682 1
2681 2682 1
2682 2683 1
2683 2684 1
2683 2823 1
2684 2686 1
2685 2686 1
2689 2690 1
2690 2691 1
2692 2693 1
2692 2749 1
2695 2767 1
2696 2697 1
2697 2698 1
2697 2907 1
2698 2699 1
2698 2700 1
2699 2700 1
2700 2702 1
2700 2852 1
2700 2720 1
2701 2703 1
2701 2722 1
2701 2837 1
2701 2962 1
2702 2704 1
2702 2945 1
2703 2705 1
2703 2807 1
2705 2707 1
2707 2708 1
2707 2709 1
2707 2799 1
2708 2709 1
2709 2710 1
2709 2711 1
2710 2711 1
2710 2712 1
2711 2712 1
2712 2713 1
2713 2714 1
2714 2715 1
2714 2915 1
2715 2716 1
2715 2717 1
2717 2718 1
2718 2720 1
2719 2720 1
2719 2721 1
2722 2862 1
2723 2724 1
2723 2725 1
2726 2728 1
2727 2728 1
2727 2729 1
2728 2729 1
2728 2976 1
2729 2730 1
2729 2731 1
2730 2731 1
2732 2733 1
2733 2899 1
2734 2736 1
2735 2736 1
2735 2737 1
2736 2737 1
2737 2738 1
2739 2740 1
2739 2845 1
2740 2742 1
2740 2749 1
2741 2742 1
2742 2743 1
2742 2744 1
2743 2745 1
2745 2746 1
2745 2905 1
2746 2747 1
2746 2748 1
2747 2748 1
2748 2749 1
2750 2832 1
2751 2752 1
2752 2753 1
2752 2754 1
2752 2828 1
2753 2754 1
2754 2755 1
2754 2756 1
2755 2756 1
2756 2758 1
2756 2971 1
2758 2759 1
2758 2760 1
2760 2761 1
2761 2927 1
2762 2765 1
2763 2765 1
2765 2767 1
2766 2768 1
2767 2768 1
2767 2769 1
2768 2769 1
2768 2770 1
2769 2771 1
2770 2771 1
2771 2772 1
2773 2775 1
2773 2879 1
2774 2775 1
2774 2776 1
2775 2776 1
2775 2806 1
2777 2778 1
2779 2780 1
2779 2781 1
2780 2965 1
2781 2783 1
2782 2783 1
2782 2784 1
2783 2784 1
2786 2787 1
2788 2790 1
2789 2790 1
2790 2791 1
2791 2792 1
2792 2793 1
2793 2794 1
2793 2795 1
2793 2985 1
2794 2795 1
2796 2798 1
2796 2810 1
2799 2801 1
2801 2802 1
2802 2804 1
2803 2804 1
2803 2805 1
2804 2805 1
2804 2806 1
2805 2807 1
2807 2808 1
2807 2809 1
2808 2809 1
2808 2810 1
2809 2810 1
2809 2811 1
2809 2947 1
2810 2811 1
2810 2812 1
2811 2812 1
2811 2813 1
2812 2814 1
2814 2816 1
2815 2817 1
2816 2817 1
2816 2818 1
2816 2850 1
2817 2819 1
2817 2974 1
2819 2820 1
2819 2821 1
2820 2821 1
2820 2822 1
2822 2824 1
2823 2825 1
2824 2825 1
2824 2826 1
2825 2826 1
2826 2828 1
2827 2829 1
2829 2831 1
2830 2832 1
2833 2834 1
2834 2836 1
2835 2971 1
2836 2838 1
2837 2839 1
2838 2840 1
2841 2842 1
2841 2843 1
2842 2844 1
2843 2845 1
2844 2845 1
2845 2846 1
2847 2849 1
2848 2849 1
2848 2850 1
2849 2851 1
2850 2851 1
2851 2853 1
2853 2855 1
2854 2855 1
2858 2859 1
2858 2860 1
2859 2860 1
2860 2861 1
2860 2862 1
2861 2862 1
2861 2863 1
2861 2995 1
2862 2863 1
2862 2864 1
2863 2864 1
2865 2866 1
2865 2956 1
2865 2999 1
2866 2867 1
2867 2868 1
2870 2871 1
2871 2872 1
2872 2873 1
2874 2875 1
2874 2876 1
2875 2877 1
2876 2878 1
2877 2878 1
2877 2879 1
2878 2879 1
2878 2880 1
2879 2880 1
2881 2883 1
2882 2884 1
2883 2884 1
2883 2885 1
2883 2896 1
2884 2885 1
2884 2977 1
2885 2886 1
2888 2890 1
2890 2891 1
2890 2892 1
2891 2892 1
2892 2893 1
2893 2895 1
2894 2895 1
2895 2897 1
2895 2915 1
2896 2898 1
2897 2898 1
2897 2899 1
2898 2899 1
2900 2901 1
2901 2902 1
2901 2903 1
2904 2905 1
2904 2906 1
2905 2907 1
2906 2908 1
2907 2908 1
2908 2910 1
2910 2911 1
2910 2912 1
2911 2913 1
2912 2914 1
2914 2916 1
2916 2917 1
2916 2918 1
2917 2918 1
2917 2919 1
2918 2919 1
2918 2920 1
2920 2921 1
2920 2922 1
2922 2924 1
2923 2925 1
2924 2926 1
2926 2928 1
2927 2928 1
2927 2929 1
2928 2929 1
2929 2931 1
2931 2932 1
2931 2933 1
2933 2934 1
2934 2935 1
2934 2936 1
2935 2936 1
2935 2937 1
2936 2937 1
2936 2938 1
2937 2938 1
2937 2939 1
2938 2940 1
2939 2940 1
2939 2941 1
2940 2941 1
2940 2942 1
2941 2943 1
2942 2943 1
2943 2944 1
2943 2945 1
2944 2945 1
2946 2947 1
2946 2948 1
2949 2950 1
2949 2951 1
2951 2953 1
2953 2954 1
2953 2955 1
2954 2955 1
2954 2956 1
2956 2957 1
2958 2959 1
2958 2960 1
2959 2960 1
2960 2961 1
2960 2962 1
2961 2962 1
2962 2964 1
2963 2965 1
2964 2965 1
2966 2967 1
2967 2968 1
2969 2970 1
2971 2972 1
2972 2974 1
2973 2974 1
2974 2975 1
2974 2976 1
2975 2976 1
2976 2977 1
2976 2978 1
2978 2980 1
2979 2980 1
2980 2982 1
2981 2982 1
2981 2983 1
2984 2985 1
2984 2986 1
2986 2988 1
2987 2988 1
2987 2989 1
2988 2990 1
2989 2991 1
2990 2991 1
2990 2992 1
2992 2994 1
2993 2994 1
2993 2995 1
2994 2995 1
2994 2996 1
2998 2999 1
2998 3000 1
